14012	0.0007068849606517183
43310	0.023856677202686687
28669	0.0001650398453340878
19215	0.00022161565197478014
14978	0.0006707872167121844
13838	0.009580910186467714
104	0.029939532737997165
10	0.016543402101985207
18009	0.008272471578151221
29025	5.588909250821422e-05
16795	0.041808243462845326
35781	0.0017850892544627231
47188	0.011381733021077284
6080	0.0004248088360237893
1894	0.09405470973360497
28667	0.012438518759400025
18999	0.01052175795626759
9134	0.9787924644165187
50129	0.026410998552821998
1896	0.00519926905673512
39997	0.08968691967671906
50241	0.0718105423987777
43313	0.006094257854821235
1893	0.05612768227136586
34022	0.010551040190888077
27440	0.04094403028313183
8580	0.09364788395632422
34567	0.10488922127699354
47542	0.016520650813516898
16799	0.06197753048293488
8581	0.06752224004666764
52764	0.066567884974207
3537	0.11790960451977402
25399	0.02541527264189705
35208	0.12304139864753423
25851	0.03393501805054152
25058	0.04100639421740339
10265	0.088464824836229
3594	0.003997374858302011
32949	0.009041080409108889
4582	0.15293772032902467
48720	0.1734552872277423
5852	0.07406912226753125
34646	0.008999854841050951
27444	0.03125438966146931
3465	0.02256291582296789
19153	0.062289715376920976
30489	0.9958715922841483
26263	0.15022471082295735
8583	0.0032906012202646192
34610	0.09379107708961572
37018	0.02198147275867483
40421	0.17019935387282326
15438	0.9401520726024037
29024	0.02178799930831748
18008	0.021775369868722652
30246	0.009531144700105902
48722	0.00028854477253053765
35568	0.03320631464344039
38859	0.005573398828641602
30247	0.052773641102010424
13837	0.04284377923292797
8854	0.9758836164811561
50587	0.08844765342960288
23704	0.07822626492325185
34940	0.16699639241242872
31417	0.03788736744569134
13840	0.0571455558704071
34759	0.06742502585315409
25280	0.0569450186027284
25265	0.14026453398954167
17841	0.09248978736775951
27394	0.005895439377085651
14017	0.009406045233565842
36174	0.02951832907075874
50514	0.057808550390152764
12834	0.09436574715092129
3399	0.6742343114157208
50111	0.0016325642141924248
18883	0.0018060729201941528
40420	0.08300125241944666
25854	0.0859400724399078
34568	0.03187562912425903
27725	0.14962946817785527
4549	0.010628279295035651
13645	0.0035137034434293743
34453	0.1578514339445228
18730	0.051906402185532725
34829	0.00011911852293031566
43315	0.008612231549111523
22366	0.008704061895551257
18038	0.01699088894360995
8973	0.04232739692607953
50060	0.037531806615776084
34185	0.042899776175080825
10754	0.12039925140361822
6617	0.01156745515986483
16374	0.9989947222920331
1895	0.006952491309385863
34472	0.07491604236631362
19536	0.02846927966101695
35569	0.06269986295111923
33191	0.12364882678618508
35571	0.015647703140717558
5530	0.15142895841798726
16798	0.032666052433202114
47545	0.00023337222870478414
3201	0.025717784732616683
22635	0.04320407889440494
4183	0.15914536741214058
47824	0.018617733726225556
25061	0.007460999321727334
10234	0.9766542340102224
28664	0.0053475935828877
33186	0.000554016620498615
48791	0.0027119611761347415
15417	0.28916339135317237
31118	0.15103734439834024
43949	0.24665718349928875
30249	0.05862758161225849
48300	0.10828211881767633
17120	0.034446919079435784
6620	0.03456998313659359
5798	0.11251035625517813
22367	0.12659715082978412
33185	0.02855826807922616
33842	0.1311818317645301
19005	0.1040488922841864
16224	0.02408759124087591
30951	0.12911010558069383
49766	0.00783410138248848
40415	0.007319988048999104
9421	0.9944024205748865
32472	0.040141494924638574
47190	0.00292667898952557
36194	0.7138854296388543
37706	0.009324009324009324
52851	0.011343942019851899
19529	0.006831903400063553
24226	0.35090264345583494
19386	0.35838797377258913
32948	0.051978277734678044
8305	0.08409565077836623
17658	0.04963203833647099
18887	0.12765620044402157
33606	0.012928970470869912
52714	0.0056579372777238925
13781	0.022186751795690345
25171	0.05885286783042394
47819	0.24486626402070752
35188	0.035981735159817355
18958	0.005495449081229607
15416	0.04428172942817294
5128	0.005413901501921062
37255	0.2206411794959712
13290	0.18305728088336784
18915	0.46083112290008843
21522	0.000871383757406762
34023	0.02480319206297854
14014	0.02447129909365559
32913	0.0034518467380048328
48123	0.05520702634880803
19046	0.13732394366197184
27692	0.07206405693950178
25064	0.001063264221158958
8677	0.04750637058609392
25031	0.1475854584915898
12585	0.012341197822141561
28668	0.009303208657679893
49801	1.0
40000	0.0003255208333333333
2537	0.1772853185595568
30251	0.029536643898836996
18934	0.1032925682031985
10045	0.04012112036336109
52900	0.01569916027747353
18011	0.04299709724238026
50065	0.0068846815834767644
5506	0.00022055580061755624
13642	0.007326007326007326
29900	0.03583882216195273
43301	0.05160910518053375
6619	0.005052824988516307
35780	0.12855963681386712
48875	0.02837997635001971
2579	0.29441624365482233
25041	0.18462920195021812
34454	0.07386138613861386
24438	0.05542216886754702
52840	0.0594883997620464
11041	0.161879359868691
25332	0.01868779199674995
10266	0.21374801901743265
23511	0.7946645109135004
47533	0.9975811328361217
31515	0.021915584415584416
9023	0.09450692041522492
27735	0.033381118165062465
23707	0.0035598705501618125
40082	0.004523026315789474
29030	0.020976116303219106
44160	0.8909015198834062
40414	0.06547041707080505
29232	0.008246527777777778
15440	0.6154979995788588
36516	0.026509572901325478
24242	0.6869029929951178
52912	0.11249735673503912
27596	0.024754588134869825
47647	0.038977635782747606
48854	0.24087123638693145
52898	0.12987560615644106
42878	0.03078626799557032
10755	0.030257510729613735
24069	0.1749576031656303
34437	0.06352683461117196
18014	0.0011970313622216902
27546	0.04963600264725347
20409	0.006718241042345277
10872	0.11867746879789796
35254	0.2652790079716563
36859	0.061229000884173296
33651	0.03412749517063748
22369	0.06962153410240841
21625	0.9838347552761563
49619	0.027616616384311905
32912	0.06577480490523968
32005	0.062372881355932205
24484	0.011017346460384434
40001	0.0510765002290426
32309	0.04863636363636364
19214	0.1991113579561233
49527	0.002297266253158741
34638	0.04138531910259203
26322	0.021176470588235293
10115	0.9866605335786569
4182	0.0010319917440660474
29570	0.04455790206544442
52846	0.08731273408239701
42644	0.0006950880444856349
9339	0.015841584158415842
47479	0.9270881402861099
48879	0.015450439743285001
14011	0.02624740124740125
7512	0.01288659793814433
40423	0.002839564600094652
25030	0.0021645021645021645
34473	0.03660606060606061
24070	0.1288265306122449
17227	0.01771703366236396
27679	0.16409997475385005
20406	0.017665130568356373
36866	0.0057210965435041715
1911	0.6190196653947755
14018	0.04484967964514539
14020	0.4075359444719881
48704	0.09340659340659341
15329	0.9261220373171962
48587	0.1556350626118068
13832	0.1436868686868687
34671	0.05725190839694656
35550	0.008452868852459017
48605	0.06146265560165975
19567	0.9921953675730111
48961	0.0897308075772682
5433	0.4828672705789681
9032	0.3899484536082474
48556	0.2121290322580645
38858	0.03775100401606426
19543	0.1125845033801352
49778	0.9309807991696938
4250	0.023288439955106623
48342	0.018425460636515914
8972	0.03054662379421222
9611	0.07825847340865252
24966	0.03419267299864315
2107	0.009491733006736069
32999	0.10294906166219839
4559	0.0027041644131963224
31776	0.027092274678111587
21585	0.9413968423869414
17839	0.01620745542949757
35238	0.0038157536113382394
26595	0.002127659574468085
25110	0.006334841628959276
23053	0.13838550247116968
51091	0.22478070175438597
15439	0.9758573388203018
19741	0.31004285448108815
26284	0.08289437205433879
4091	0.0013986013986013986
35716	0.1956461835216313
22368	0.0017780938833570413
25277	0.007808142777467931
6618	0.023396424815983176
25400	0.007116030836133623
22903	0.0856338028169014
40417	0.1725958866036687
52896	0.00622524052065648
33589	0.9988655700510494
27401	0.09817549956559514
31241	0.9940273037542662
22930	0.026074498567335243
17117	0.0008673026886383347
23705	0.10309076682316119
35233	0.004622941346431667
13839	0.007468553459119497
29897	0.3480337078651685
25035	0.9479499854608898
4208	0.04242424242424243
40284	0.8762999452654625
50767	0.047347917290979924
44885	0.39217974905164865
21809	0.9952690715552928
17799	0.1916866028708134
5083	0.17421922841396204
44850	0.041463414634146344
35532	0.04310608376643228
35206	0.259114191021392
28656	0.021450151057401813
27727	0.1422948834392976
43062	0.1665150136487716
16661	0.0003104625892579944
48592	0.05605174006775485
19740	0.00728959575878065
34474	0.058993267072779736
15425	0.9492401215805472
33514	0.21448382126348228
20339	0.0038898862956313583
6079	0.2916989914662529
49982	0.0059430716296528
50541	0.020374630299046993
21983	0.9865666979069041
20407	0.21554660885723134
4355	0.502588996763754
30244	0.3267389917038928
50070	0.034318398474737846
42769	0.03188775510204082
52734	0.008447043534762833
19110	0.7424483306836248
52845	0.1338709677419355
30490	0.8195679796696315
50770	0.00338409475465313
50772	0.23355576739752146
34713	0.056856187290969896
25300	0.036068828590337526
7643	0.02643603133159269
42826	0.045178691840863115
49767	0.025616083009079117
17665	0.2920417716960749
22742	0.022287774500163882
4334	0.8438943894389439
34845	0.2466160448993067
48699	0.07446808510638298
21560	0.2509881422924901
48119	0.056361239288068556
10314	0.07111412123264477
6266	0.025778210116731516
42622	0.28336192109777014
11651	0.10323886639676114
19379	0.004231311706629055
34290	0.07860262008733625
32951	0.0340258958145137
24071	0.015542328042328041
24243	0.19042699724517906
10566	0.18251480320445837
16422	0.8672752808988764
20788	0.2869228057807543
34750	0.0011792452830188679
35572	0.013275923932543954
11653	0.007818052594171997
31124	0.021599090564607806
13483	0.9856115107913669
3538	0.013441612993559227
38861	0.017253521126760565
37086	0.0007254261878853826
36521	0.018722466960352423
10048	0.173850054328142
49456	0.02728613569321534
18997	0.034256559766763846
27408	0.06085343228200371
4209	0.9881173412551059
42994	0.10755148741418764
18735	0.02909647779479326
48710	0.1748148148148148
34025	0.06301050175029171
3186	0.03709311127933384
25168	0.3021529324424647
48916	0.1766875691626706
46187	0.15162860351928117
18393	0.004567948229920061
7511	0.2823230182280627
43956	0.3071969696969697
46373	0.28696646341463417
16299	0.09909584086799277
36515	0.008788689338937715
4405	0.7509622786759046
36177	0.11243284727551804
5445	0.12751937984496123
46995	0.9957413859852884
24190	0.010592389172224402
25115	0.002364066193853428
27702	0.036050798852929125
28314	0.0026933435936898806
4185	0.004050073637702504
43555	0.9178245335450576
7383	0.20169851380042464
28886	0.022988505747126436
6669	0.16205375050140394
19049	0.12803180914512924
27755	0.0156312625250501
35276	0.0045871559633027525
50086	0.008100445524503848
18191	0.9242567248702218
40061	0.0012200081333875558
49800	0.9960489924930858
46334	0.0032454361054766734
26358	0.09740259740259741
46542	0.12029459901800327
36315	0.03428819444444445
3398	0.6289723483285183
17441	0.0029723991507431
35189	0.0136986301369863
16897	0.0403530895334174
45822	0.08442935935511243
51563	0.22628043660789252
5809	0.0008333333333333334
48400	0.039240506329113925
31015	0.1590717299578059
11650	0.03777777777777778
5879	0.00558659217877095
12629	0.9966116052520119
48234	0.024086021505376344
22544	0.07367972742759796
40028	0.009071274298056155
25032	0.017743979721166033
20410	0.022114108801415303
16796	0.012702078521939953
18285	0.013015184381778741
18032	0.07187678265830005
51090	0.02379903040987219
9333	0.027324812692816218
10164	0.0030381944444444445
17772	0.4589519650655022
24348	0.48498233215547704
28316	0.012048192771084338
44071	0.11703056768558952
20102	0.9968093592129753
23116	0.08463541666666667
18917	0.06621621621621622
34589	0.0008729812309035355
15422	0.45765765765765765
24437	0.10017809439002671
39544	0.03614457831325301
31126	0.006172839506172839
17293	0.9986754966887417
31565	0.9764966740576496
36919	0.033853006681514475
25183	0.05903240124278739
30250	0.02619485294117647
25143	0.04519015659955257
28929	0.5432043204320433
7581	0.09882747068676717
47755	0.00752212389380531
36860	0.03933839964237819
12833	0.09733700642791551
20569	0.9995458673932789
28706	0.11177552897884084
8385	0.040620721131903244
49097	0.0032863849765258214
12896	0.9877161055505005
29438	0.33073394495412844
23078	0.013678553981436248
8678	0.10109789569990851
48504	0.01614391143911439
21042	0.4404216315307058
39768	0.3773848301535598
18106	0.18156424581005587
18699	0.004044489383215369
4590	0.9879903923138511
16230	0.045286125977768626
24220	0.07725321888412018
17131	0.21732954545454544
39632	0.018975332068311195
35176	0.7284345047923323
29619	0.021665864227250843
48749	0.0547153024911032
16473	0.9694510739856802
32157	0.01781415503129514
35178	0.008064516129032258
30481	0.01806322127446061
10134	0.053372149442018436
16782	0.3504442250740375
22730	0.9940915805022157
5822	0.011398963730569948
50567	0.1605120630231413
50075	0.35577889447236183
39547	0.019940179461615155
19007	0.6495
21034	0.13279270146984287
51559	0.015345268542199489
26313	0.0020304568527918783
24247	0.3141338059370846
35229	0.0886339937434828
6082	0.01038961038961039
27987	0.9658685685175752
30556	0.06397482957524908
7296	0.014527845036319613
17710	0.016511867905056758
23292	0.0015432098765432098
48618	0.101956745623069
34620	0.014956162970603403
47772	0.005723204994797087
35783	0.0005081300813008131
39395	0.9927797833935018
27419	0.011437095972153158
32952	0.1223091976516634
48129	0.11483739837398374
25096	0.057702488088935945
21637	0.9754312598013591
4603	0.9958816922500936
4335	0.22400756143667297
7384	0.03709508881922675
11541	0.9105346744309158
51319	0.002656748140276302
20815	0.41239316239316237
32729	0.2880549682875264
4093	0.009184224743381956
48746	0.11159029649595688
15774	0.26516371443907677
31712	0.26762114537444937
4609	0.535149863760218
19475	0.055900621118012424
17677	0.010934937124111536
43056	0.002794857462269424
51534	0.0369757174392936
7461	0.9354663774403471
10826	0.9227000544365814
25319	0.05319148936170213
40096	0.9345074298293891
37801	0.02767017155506364
18906	0.01991150442477876
5899	0.030521642619311874
32219	0.21717451523545706
42762	0.15553060078607525
29789	0.011098779134295227
18160	0.14382022471910114
1969	0.1471698113207547
12246	0.9670575097710776
25136	0.12452107279693486
52744	0.0005583472920156337
47546	0.004793289394847214
17460	0.4336734693877551
50822	0.0758505298382599
22466	0.2876404494382023
8975	0.132890365448505
4243	0.006795016987542469
23855	0.9086294416243654
29230	0.32051976177585273
1912	0.5897985426489498
19462	0.016423357664233577
10090	0.9088319088319088
24228	0.4355300859598854
34830	0.1686746987951807
40727	0.9988525530694206
14984	0.003988603988603989
39515	0.018393623543838136
3926	0.17167222840192806
22609	0.04745568896512293
20551	0.9687680740312319
39502	0.03916768665850673
13595	0.017726798748696558
23381	0.9579439252336449
50948	0.3098177542621987
16423	0.29680616740088106
16800	0.002457002457002457
42814	0.2205188679245283
5703	0.9964705882352941
24221	0.4147233653406493
34653	0.12762133013780708
16768	0.07453416149068323
34448	0.00560398505603985
25560	0.027043269230769232
29288	0.6155223880597015
9612	0.16903914590747332
11042	0.24985163204747773
36906	0.0012026458208057728
30184	0.005408653846153846
6916	0.003599280143971206
22663	0.4745762711864407
25289	0.0025015634771732333
34588	0.030265596046942556
43955	0.075
16227	0.0018438844499078057
32979	0.07912772585669782
5898	0.19125
32520	0.7779148673658236
5766	0.9121495327102803
5696	0.9985851726089418
43024	0.024783147459727387
29683	0.6923076923076923
30486	0.9692211055276382
29685	0.0012507817385866166
4087	0.11082802547770701
13464	0.0047789725209080045
13442	0.9980976537729866
35715	0.2112041210560206
37578	0.993046776232617
52894	0.03497813866333541
35665	0.05041480536056158
17801	0.02369980250164582
19029	0.012919896640826873
8075	0.05263157894736842
36345	0.9722401549386701
17435	0.010007147962830594
37547	0.008951406649616368
5757	0.0827266710787558
5820	0.0497677504976775
8834	0.004605263157894736
6558	0.024475524475524476
34645	0.03373015873015873
50633	0.0033400133600534404
42949	0.0006618133686300463
27751	0.0020394289598912306
20498	0.056074766355140186
7542	0.6773547094188377
48052	0.0006697923643670462
12830	0.049592391304347824
24687	0.8702508960573476
5444	0.019855595667870037
31652	0.10309973045822103
27822	0.0026058631921824105
43017	0.049440298507462684
3993	0.8014804845222072
50897	0.1514736120630569
32113	0.10530035335689046
42660	0.10609037328094302
22926	0.08111954459203036
29332	0.08643710470836262
16615	0.9237699237699237
10046	0.008270158511371467
27201	0.7833333333333333
19569	0.9968467521547194
5189	0.007168458781362007
38657	0.9930362116991643
3207	0.8908205841446454
27685	0.15460295151089248
20328	0.9621318373071529
52843	0.0007057163020465773
5698	0.9467488789237668
34550	0.16028368794326242
11976	0.4490806223479491
47604	0.6925287356321839
48498	0.008278145695364239
36154	0.025380710659898477
25498	0.0016
8446	0.002148997134670487
28773	0.2884322678843227
44250	0.11163101604278075
36189	0.0458919319022946
12882	0.2431834929992631
34469	0.13226744186046513
6187	0.5843681519357194
4524	1.0
22646	0.06496519721577726
4584	0.31151079136690646
17795	0.8288288288288288
33474	0.023721275018532245
7413	0.08679525222551929
47547	0.1636096845194424
25172	0.010333863275039745
35710	0.9464684014869889
34056	0.8979895755770663
14153	0.9814126394052045
28853	0.251685393258427
33231	0.46721929163526754
10118	0.3793103448275862
22959	0.5696969696969697
13600	0.4640926640926641
50967	0.1310077519379845
26323	0.9975297552211992
14071	0.8479576399394856
38199	0.0037764350453172208
10364	0.9428789032749428
33576	0.48921417565485364
49918	0.08108108108108109
22754	0.9150076569678407
12807	0.1175115207373272
17292	0.9956359102244389
5075	0.0008764241893076249
3647	0.0016849199663016006
37214	0.7490226739640344
38196	0.07665805340223945
15191	0.99768875192604
36316	0.07816091954022988
19217	0.47488921713441656
36176	0.003108003108003108
37461	0.08850931677018634
4330	0.6970404984423676
17484	0.01796875
2635	0.010359536867763558
22977	0.5105058365758754
5448	0.08059467918622848
36309	0.023790642347343377
18349	0.9521770164168452
30005	0.05693664795509222
48097	0.21929824561403508
3834	0.03556308213378493
29620	0.2987321711568938
34662	0.42822966507177035
26969	0.15378670788253476
36973	0.0024096385542168677
8809	0.010033444816053512
49823	0.0032520325203252032
38567	0.0725
13740	0.0016611295681063123
27656	0.009865470852017937
25042	0.05631536604987932
1977	0.02531645569620253
34831	0.004784688995215311
293	0.0015723270440251573
28707	0.04079933388842631
16689	0.04522184300341297
18161	0.29138431752178123
21087	0.8988391376451078
20103	0.8832360300250208
7760	0.02533783783783784
36591	0.8421494542401343
51250	0.8791208791208791
39678	0.3169907016060862
24550	0.3653169014084507
50662	0.0081799591002045
8540	0.8354537743850721
43053	0.08117443868739206
48446	0.0617828773168579
29190	0.5443262411347518
674	0.000784313725490196
21973	0.0008635578583765112
3355	0.29396325459317585
27696	0.01981132075471698
31340	0.9956331877729258
50579	0.018421052631578946
16955	0.7170263788968825
42650	0.015817223198594025
36848	0.005319148936170213
52842	0.12334801762114538
4337	0.12388663967611337
48425	0.29991126885536823
5847	0.04937163375224417
20918	0.08252853380158033
21536	0.0630550621669627
37826	0.012037037037037037
35219	0.21518987341772153
24716	0.12140287769784172
42780	0.002697841726618705
46617	0.9257602862254025
19227	0.027559055118110236
51928	0.14977168949771688
33486	0.013901760889712697
18703	0.12223206377325066
26300	0.0395778364116095
24993	0.14206744057490325
24063	0.005263157894736842
5881	0.04066543438077634
7349	0.1397459165154265
19334	0.208498023715415
33552	0.0033472803347280333
9614	0.11400359066427289
31381	0.02064409578860446
31556	0.0035460992907801418
30101	0.12694063926940638
6639	0.13270142180094788
45100	0.0892018779342723
10677	0.013257575757575758
43581	0.9795158286778398
23045	0.010446343779677113
3759	0.500464252553389
37292	0.27928772258669166
34267	0.004642525533890436
16122	0.48038277511961724
9136	0.973659454374412
18750	0.7374407582938388
8810	0.039735099337748346
16610	0.08373435996150144
10181	0.021883920076117985
27737	0.04875717017208413
28657	0.7200383509108341
847	0.0084985835694051
13697	0.02849002849002849
10887	0.02403846153846154
42998	0.06832871652816251
17297	0.9884169884169884
42869	0.0019065776930409914
5460	0.6228239845261122
34536	0.0311587147030185
39948	0.0019743336623889436
6640	0.34134615384615385
35827	0.6214908034849952
40337	0.6834319526627219
2580	0.9990905783921425
31733	0.0541922290388548
16679	0.00298804780876494
37087	0.24105263157894738
34848	0.5943775100401606
2128	0.10946745562130178
24818	0.43093093093093093
33172	0.05525846702317291
38134	0.015503875968992248
11288	0.9848331648129424
21024	0.08651911468812877
9403	0.03007518796992481
15458	0.9611166500498505
18747	0.010277492291880781
9572	0.003194888178913738
31546	0.9567010309278351
3699	0.01167728237791932
42666	0.5964730290456431
17704	0.015471167369901548
5504	0.04328018223234624
34696	0.07924921793534932
9448	0.0030864197530864196
6608	0.0010395010395010396
36863	0.0010152284263959391
6147	0.9663064208518753
10757	0.0265748031496063
25935	0.7135362014690452
10221	0.12513144058885384
11675	0.9947257383966245
15230	0.951271186440678
27556	0.0043907793633369925
43957	0.019088016967126194
49077	0.0288153681963714
24222	0.0010976948408342481
1914	0.45200372786579684
25423	0.3814207650273224
39677	0.7235955056179775
3757	0.9383938393839384
9033	0.9880823401950163
52718	0.09783728115345006
21450	0.1836734693877551
5856	0.004362050163576881
36879	0.002157497303128371
9569	0.96529284164859
7513	0.030982905982905984
4907	0.8246359223300971
2077	0.7708333333333334
16420	0.020719738276990186
10135	0.04103671706263499
3540	0.01282051282051282
36418	0.2041942604856512
27781	0.022944550669216062
10129	0.014412416851441241
24273	0.5758582502768549
19373	0.0022271714922048997
52727	0.05414364640883978
50114	0.007954545454545454
36954	0.16649323621227888
5439	0.9967248908296943
7820	0.1288888888888889
13764	0.02378255945639864
48480	0.0055617352614015575
24659	0.9731501717140181
17302	0.9954233409610984
22887	0.26395348837209304
28739	0.007731958762886598
46305	0.030624263839811542
50547	0.02112676056338028
9184	0.34526558891454967
28764	0.8294663573085846
32823	0.647887323943662
10171	0.10034602076124567
49740	0.02014218009478673
45460	0.25786924939467315
34539	0.0012195121951219512
48094	0.001199040767386091
23607	0.9620853080568721
23048	0.7637231503579952
30091	0.1957040572792363
21640	0.9915254237288136
44372	0.16336633663366337
21128	0.4328899637243047
12901	0.3563636363636364
19767	0.9930313588850174
33901	0.03795811518324607
6076	0.05472636815920398
18694	0.5969738651994498
35940	0.988929889298893
10990	0.9297163995067818
29654	0.48702101359703337
4567	0.9494451294697904
17136	0.24937343358395989
22647	0.9839307787391842
4290	0.0013089005235602095
49922	0.06716417910447761
51641	0.017195767195767195
7424	0.0682110682110682
47264	0.9987341772151899
16894	0.21750663129973474
14402	0.09148665819567979
9731	0.9962168978562421
8198	0.09326424870466321
3923	0.851994851994852
18892	0.007905138339920948
42756	0.09350649350649351
42794	0.006587615283267457
28915	0.07601572739187418
14280	0.9896103896103896
27603	0.7651515151515151
35541	0.01445466491458607
39739	0.01818181818181818
52915	0.06698002350176263
20051	0.15483870967741936
8901	0.16556291390728478
39930	0.0640625
33047	0.611984282907662
47785	0.10050251256281408
17003	0.504054054054054
6100	0.036734693877551024
29915	0.09302325581395349
47556	0.9699863574351978
7497	0.02094972067039106
22843	0.001379310344827586
12630	0.9260273972602739
11691	0.7465753424657534
12577	0.9244505494505495
7294	0.2768595041322314
20787	0.0013698630136986301
5805	0.09865470852017937
15344	0.9556786703601108
13230	0.011075949367088608
45645	0.9961734693877551
14778	0.9875518672199171
23079	0.28730822873082285
15477	0.9957983193277311
42799	0.0498812351543943
48609	0.10325318246110325
12533	0.9746835443037974
35718	0.015363128491620111
29870	0.0028694404591104736
41636	0.18349928876244664
10087	0.0057553956834532375
5799	0.3778656126482213
50824	0.48614958448753465
42715	0.8626609442060086
6858	0.13655761024182078
17301	0.9964285714285714
9917	0.20262390670553937
27202	0.011577424023154847
37881	0.01914580265095729
40212	0.0014814814814814814
2802	1.0
45583	0.9883551673944687
10387	0.3775811209439528
4242	0.8540145985401459
36310	0.0071633237822349575
32475	0.16981132075471697
10168	0.781021897810219
19743	0.001440922190201729
45828	0.21879588839941264
45093	0.19448698315467075
48344	0.3035190615835777
34071	0.9971751412429378
17713	0.3723404255319149
2484	0.9555555555555556
9244	0.6537890044576523
24199	0.21194029850746268
26142	0.2006172839506173
28902	0.07727272727272727
46360	0.9954819277108434
22989	0.10631741140215717
24349	0.010501750291715286
9183	0.015360983102918587
30154	0.0060882800608828
19129	0.7729393468118196
21792	0.032915360501567396
49757	0.4700460829493088
13810	0.26417910447761195
43036	0.10397553516819572
37465	0.021806853582554516
24302	0.6951219512195121
4644	0.9665144596651446
37748	0.07119741100323625
10230	0.6529680365296804
10558	0.007656967840735069
19539	0.2457757296466974
46574	0.672782874617737
40002	0.3212121212121212
39529	0.044585987261146494
15776	0.01524390243902439
4331	0.05167173252279635
34562	0.05246913580246913
43239	0.02689873417721519
2109	0.07343124165554073
31428	0.01779935275080906
10461	0.07429963459196103
15601	0.006369426751592357
23491	0.9433962264150944
36596	0.24132492113564669
43266	0.2797319932998325
2637	0.0043541364296081275
22119	0.9612277867528272
39679	0.43527508090614886
33698	0.2111801242236025
18041	0.9286871961102107
18129	0.13821138211382114
46190	0.026771653543307086
433	0.36363636363636365
8586	0.07516339869281045
31892	0.30629139072847683
36298	0.1220472440944882
39754	0.01098901098901099
8082	0.024793388429752067
50752	0.05922551252847381
25348	0.00686106346483705
28317	0.38945578231292516
16928	0.9551515151515152
39771	0.01461038961038961
30017	0.06814814814814815
41751	0.9899328859060402
50061	0.4269293924466338
25638	0.9581939799331104
10657	0.39730639730639733
13784	0.030456852791878174
23506	0.7848739495798319
13696	0.0035335689045936395
17122	0.16101694915254236
38135	0.3106312292358804
6641	0.05601317957166392
35174	0.44283121597096187
46743	0.07481751824817519
37906	0.0035335689045936395
24878	0.0106951871657754
5844	0.007272727272727273
51120	0.02768166089965398
42818	0.5443478260869565
21523	0.06354515050167224
12165	0.9895287958115183
24664	0.34501845018450183
4753	0.8220663265306123
21472	0.18503937007874016
35021	0.07151979565772669
20583	0.01773049645390071
22840	0.16489361702127658
36078	0.15849056603773584
10564	0.022018348623853212
23664	0.010830324909747292
22194	0.43963963963963965
21038	0.338768115942029
21968	0.9963702359346642
15260	0.8896925858951176
35248	0.012958963282937365
9419	0.954954954954955
14472	0.8411552346570397
24249	0.12521440823327615
10540	0.9581818181818181
48244	0.03019538188277087
13605	0.03125
21619	0.17095588235294118
42823	0.17735849056603772
2214	0.9169719169719169
10322	0.8025830258302583
3882	0.6458015267175573
5509	0.009971509971509971
48931	0.07481751824817519
19000	0.1088348271446863
13564	0.17448405253283303
14403	0.07020872865275142
24969	0.34488188976377954
7733	0.29333333333333333
16534	0.9602272727272727
36960	0.03816793893129771
34573	0.01764705882352941
44572	0.9789272030651341
49294	0.8426103646833013
35235	0.8783783783783784
13865	0.018975332068311195
39545	0.004201680672268907
41129	0.24708171206225682
2434	0.0030959752321981426
28867	0.047516198704103674
24251	0.005940594059405941
50788	0.6847389558232931
4315	0.15178571428571427
4260	0.2650103519668737
22619	0.036290322580645164
46591	0.04483430799220273
14638	0.9979591836734694
14947	0.7119675456389453
26265	0.03549060542797495
8923	0.6981519507186859
32083	0.1273100616016427
29987	0.1368653421633554
37845	0.8592132505175983
37542	0.7354166666666667
24350	0.14481409001956946
6610	0.9393305439330544
18752	0.42348008385744235
35271	0.03563941299790356
10844	0.40461215932914046
5567	0.9966996699669967
3485	0.009456264775413711
10910	0.8718487394957983
3723	0.9787685774946921
11831	0.9957446808510638
4001	0.9992289899768697
45048	0.821505376344086
37368	0.9785407725321889
31309	0.15766738660907129
31716	0.03111111111111111
10290	0.38611713665943603
37020	0.02386117136659436
25315	0.002178649237472767
4078	0.10303587856485741
50331	0.40522875816993464
7386	0.008602150537634409
27792	0.04814004376367615
2382	0.695364238410596
42866	0.012345679012345678
13397	0.22510822510822512
16002	0.9977678571428571
34490	0.018867924528301886
22233	0.29439252336448596
47820	0.008733624454148471
18707	0.19875776397515527
24219	0.02877697841726619
48833	0.00683371298405467
52913	0.3466666666666667
30417	0.9930555555555556
8693	0.8402777777777778
19496	0.9176470588235294
7907	0.002336448598130841
3753	0.6307339449541285
1950	0.8967136150234741
15630	0.7599067599067599
12836	0.006880733944954129
18696	0.9862204724409449
52850	0.00477326968973747
50517	0.1830188679245283
50946	0.07125890736342043
33356	0.3737864077669903
4732	0.33278688524590166
4554	0.3584474885844749
47193	0.8498789346246973
3953	0.002680965147453083
15741	1.0
37857	0.9974874371859297
48054	0.02696078431372549
22927	0.0025252525252525255
5251	0.02894736842105263
45112	0.018229166666666668
31408	0.8967254408060453
16474	0.494949494949495
3751	0.020242914979757085
20782	0.007481296758104738
43256	0.20610687022900764
27561	0.02
50909	0.017721518987341773
21721	0.8045685279187818
17533	0.002398081534772182
25140	0.01038961038961039
6673	0.3582474226804124
25321	0.2898172323759791
32967	0.007874015748031496
26829	0.3678861788617886
36297	0.0196078431372549
16430	0.3170731707317073
3384	0.9638297872340426
30261	0.0024691358024691358
10286	0.45430809399477806
16401	0.5338541666666666
7280	0.6328125
3065	1.0
13264	0.9448818897637795
41694	0.030054644808743168
37386	0.3918918918918919
35621	0.215633423180593
13570	0.021164021164021163
6968	0.7741935483870968
51366	0.09428571428571429
23866	0.7328042328042328
13023	0.9029649595687331
9123	0.07356948228882834
8587	0.02736318407960199
51760	0.017699115044247787
3591	0.9586776859504132
8119	0.7247956403269755
27663	0.34806629834254144
27794	0.02247191011235955
9751	0.0111731843575419
48795	0.003048780487804878
23047	0.013888888888888888
6479	0.03184713375796178
47552	0.13428571428571429
10278	0.9215686274509803
20720	0.9773371104815864
16129	0.9829059829059829
15482	0.2991202346041056
29345	0.9942857142857143
7302	0.008695652173913044
3752	0.11264367816091954
19288	0.5152354570637119
31788	0.553623188405797
35298	0.39501779359430605
20925	0.0035460992907801418
33708	0.03614457831325301
10032	0.9090909090909091
20677	0.48554913294797686
23177	0.717201166180758
17250	0.02619047619047619
13294	0.5706371191135734
6130	0.6470588235294118
19156	0.08459869848156182
46335	0.7764705882352941
37064	0.2517321016166282
20919	0.032640949554896145
30192	0.3490566037735849
16477	0.9849397590361446
33066	0.05572755417956656
46655	0.1
2530	0.9735294117647059
29095	0.9033232628398792
35109	0.2923076923076923
45669	0.9755351681957186
50881	0.023333333333333334
46996	0.9969325153374233
39096	0.9969604863221885
43096	0.024615384615384615
12125	0.9877300613496932
12281	0.18575851393188855
44902	0.0219435736677116
12535	0.19626168224299065
31488	0.11074918566775244
11924	0.664576802507837
51909	0.0032679738562091504
19191	0.10526315789473684
35534	0.03492063492063492
50005	0.017482517482517484
29983	0.2467866323907455
20935	0.9614147909967846
49974	0.14426229508196722
21626	0.6893203883495146
8076	0.33015873015873015
4317	0.10714285714285714
17894	0.061016949152542375
50644	0.3901639344262295
50076	0.33774834437086093
25018	0.021439509954058193
25284	0.0313588850174216
6776	0.506578947368421
15978	0.9966442953020134
12144	0.9932659932659933
25456	0.20408163265306123
27654	0.01384083044982699
21567	0.05423728813559322
5578	0.910958904109589
41282	0.09722222222222222
6031	0.9892933618843683
35788	0.016778523489932886
35159	0.04861111111111111
43099	0.8775510204081632
27690	0.026515151515151516
6807	0.7457627118644068
10036	0.9204152249134948
51923	0.059233449477351915
24995	0.006622516556291391
20270	0.997270245677889
6735	0.01730103806228374
24423	0.14869888475836432
14459	0.40425531914893614
50682	0.910394265232975
13681	0.021660649819494584
11748	1.0
30093	0.0456140350877193
18632	0.9372197309417041
9665	0.9097472924187726
14660	0.12043795620437957
23596	0.06415094339622641
19148	0.503968253968254
11017	0.8472727272727273
19193	0.9598540145985401
2656	0.9154411764705882
14985	0.0661764705882353
41169	0.9816176470588235
32169	0.7279411764705882
7249	0.937037037037037
16105	0.9850187265917603
10468	0.06343283582089553
10309	0.4794007490636704
33577	0.5171102661596958
4586	0.6133828996282528
14464	0.003787878787878788
22753	0.6526717557251909
7651	0.026615969581749048
37621	0.29615384615384616
23712	0.025210084033613446
16946	0.9857397504456328
38983	0.23137254901960785
13647	0.18503937007874016
22319	0.0449438202247191
33024	0.016129032258064516
5363	0.9891891891891892
12548	0.8228346456692913
15473	0.9254901960784314
19785	0.9744186046511628
3678	0.9878577623590633
12844	0.06557377049180328
35855	1.0
13034	0.9838709677419355
3588	0.7332280978689818
15408	0.2025862068965517
20759	0.9465020576131687
30646	0.6926229508196722
5085	0.013333333333333334
37608	0.9747899159663865
49761	0.11885245901639344
5201	0.10909090909090909
46425	0.2457627118644068
47781	1.0
48392	0.08661417322834646
17783	0.1662269129287599
14350	0.7758620689655172
29273	0.6301369863013698
23288	0.2651006711409396
12787	0.9739130434782609
9220	0.8947368421052632
12012	0.2687224669603524
21524	0.004329004329004329
6318	0.5669642857142857
22016	0.03587443946188341
29792	0.00847457627118644
12569	1.0
37859	0.4748858447488584
49978	0.18461538461538463
21160	0.8430493273542601
33664	0.004651162790697674
50125	0.4477211796246649
25372	0.05714285714285714
46871	0.18779342723004694
3724	0.013333333333333334
43218	0.03015075376884422
6113	0.046822742474916385
4286	0.10144927536231885
18612	0.5503597122302158
35249	0.06153846153846154
14359	1.0
24821	0.05263157894736842
12870	0.06763285024154589
10166	0.9411764705882353
27646	0.08256880733944955
20263	0.009900990099009901
23284	0.03015075376884422
20306	0.99375
19864	0.6432160804020101
7674	1.0
32194	0.7738693467336684
13012	0.016042780748663103
23046	0.9847715736040609
44388	0.9848484848484849
2738	0.3520408163265306
3072	0.7083333333333334
49053	0.9692307692307692
15464	0.9179487179487179
49754	0.23255813953488372
51238	0.38974358974358975
35784	0.1036036036036036
18366	0.8652849740932642
48885	0.017142857142857144
38131	0.9153439153439153
20781	0.08522727272727272
32893	0.20526315789473684
34549	0.18617021276595744
38032	0.9893617021276596
31201	0.2617801047120419
6378	0.22171945701357465
47412	0.010752688172043012
14732	0.09042553191489362
2098	0.9287925696594427
11940	0.9781420765027322
46264	0.3064516129032258
41912	0.9836065573770492
40580	0.08648648648648649
13894	0.06043956043956044
38692	0.005952380952380952
15442	0.994413407821229
38029	0.9834254143646409
45760	0.021621621621621623
37616	0.6098901098901099
12831	0.776536312849162
5465	0.9723756906077348
21975	0.08762886597938144
12347	0.8920454545454546
8789	0.7526881720430108
22346	0.9147727272727273
19965	0.9943502824858758
13081	0.6363636363636364
13080	0.026490066225165563
32175	0.9943181818181818
41753	0.9885714285714285
3710	0.006734006734006734
24887	0.02531645569620253
48393	0.08235294117647059
10917	0.14201183431952663
16237	0.875
25634	0.06486486486486487
29193	0.07272727272727272
39915	0.6432748538011696
6622	0.04242424242424243
13611	0.5432098765432098
47983	0.21893491124260356
16006	1.0
43526	0.0375
14409	0.2857142857142857
18885	0.09913793103448276
51122	0.029585798816568046
10685	0.5220125786163522
51153	1.0
12920	0.5506329113924051
8787	0.031446540880503145
13643	0.19745222929936307
12586	0.025806451612903226
22409	0.13372093023255813
5430	0.6623376623376623
17489	0.11409395973154363
43213	0.13157894736842105
3576	0.7466666666666667
29404	0.2808219178082192
2389	0.08823529411764706
42843	0.006711409395973154
11190	1.0
4375	0.9066666666666666
12278	0.8344370860927153
26406	1.0
25336	0.013333333333333334
35343	0.4405594405594406
37530	0.16296296296296298
49109	0.4755244755244755
31389	1.0
39410	0.8461538461538461
39884	0.09482758620689655
17064	0.7737226277372263
23141	0.7142857142857143
16018	0.9708029197080292
32163	1.0
51791	0.06666666666666667
14158	0.9925373134328358
14098	0.3880597014925373
22403	0.5714285714285714
26229	0.04516129032258064
25344	0.19852941176470587
36087	0.696969696969697
24746	0.8801261829652997
49497	0.706766917293233
50124	0.17391304347826086
24481	0.2777777777777778
3448	0.5153846153846153
32702	0.13934426229508196
35551	0.03278688524590164
12272	1.0
16343	0.9921259842519685
20255	0.8976377952755905
50966	0.7875
12898	0.3700787401574803
22849	1.0
17616	0.6728395061728395
16985	0.6854838709677419
37166	0.6585365853658537
27553	0.13445378151260504
10829	0.9669421487603306
6214	0.9620253164556962
21129	0.031496062992125984
35672	0.9411764705882353
17705	0.15555555555555556
16896	0.007594936708860759
43677	0.9743589743589743
51643	0.1
16735	0.2982456140350877
49685	0.6106194690265486
21182	0.9732142857142857
8628	0.4732142857142857
16372	0.9910714285714286
9365	0.7657657657657657
16280	0.9099099099099099
4838	0.2929936305732484
15219	0.954954954954955
2988	0.010869565217391304
4431	0.9708333333333333
18003	0.3302752293577982
9422	0.5963302752293578
2518	0.9628252788104089
394	0.018691588785046728
52797	0.018018018018018018
25038	0.9056603773584906
4285	0.8301886792452831
13780	0.7555555555555555
44860	0.031578947368421054
11954	0.9902912621359223
2206	0.9514563106796117
43090	0.09302325581395349
51535	0.13333333333333333
5759	0.06315789473684211
32361	0.7307692307692307
18994	0.16770186335403728
46505	0.008
47299	1.0
52782	0.06593406593406594
9405	0.44660194174757284
12198	1.0
6009	0.9489795918367347
18229	0.9962962962962963
48652	0.25
42031	1.0
10717	0.5918367346938775
21392	0.7127659574468085
2164	1.0
12385	0.8279569892473119
5845	0.05747126436781609
13222	0.4316546762589928
34115	0.868421052631579
10023	0.313953488372093
44189	0.978021978021978
11546	1.0
18972	0.30337078651685395
4891	0.9790209790209791
49232	1.0
25718	0.9772727272727273
33834	0.9431818181818182
39489	0.9886363636363636
3203	0.8229166666666666
37796	0.7727272727272727
10812	0.3068181818181818
25307	0.011764705882352941
21843	1.0
13791	0.12643678160919541
6420	1.0
12998	1.0
35577	0.6
22740	0.8625
12991	0.9240506329113924
13144	0.9746835443037974
13292	0.04938271604938271
10523	0.717948717948718
12681	0.961038961038961
22755	0.9868421052631579
6380	0.32941176470588235
21805	0.5405405405405406
14860	0.972972972972973
13528	0.8695652173913043
33653	0.64
14970	1.0
22638	0.7671232876712328
46349	1.0
13192	1.0
13085	0.9154929577464789
16340	0.9855072463768116
5731	0.7312348668280871
3402	0.9060402684563759
48391	0.07575757575757576
6012	0.9787234042553191
12241	0.029411764705882353
49989	0.16417910447761194
31717	0.22666666666666666
35027	0.9810379241516967
23867	0.6818181818181818
18647	0.9420289855072463
6592	0.07692307692307693
4201	0.7846153846153846
24547	0.11267605633802817
8286	0.34375
17696	0.10344827586206896
11679	0.9841269841269841
33496	0.06557377049180328
11599	0.9333333333333333
4617	0.1935483870967742
38265	0.4745762711864407
8032	0.9491525423728814
17542	0.9883720930232558
6649	0.32075471698113206
6382	0.05154639175257732
8388	0.05555555555555555
51820	0.24561403508771928
15068	0.9818181818181818
21044	0.8363636363636363
48753	0.4032258064516129
3302	0.05454545454545454
11890	0.9814814814814815
9158	0.9444444444444444
20622	0.5178571428571429
22648	0.8846153846153846
23115	0.6964285714285714
3069	0.057692307692307696
3322	0.11538461538461539
47675	0.6274509803921569
6122	0.8846153846153846
20155	1.0
27570	0.02
21363	1.0
10989	0.64
9696	0.82
37579	0.9791666666666666
23852	0.10416666666666667
32079	0.06382978723404255
21139	0.022222222222222223
23562	0.13333333333333333
18758	0.6136363636363636
23168	0.06818181818181818
41604	0.9047619047619048
8954	0.9767441860465116
43210	0.4807692307692308
4748	1.0
24984	0.175
24230	0.9565217391304348
46565	0.23809523809523808
21400	0.9512195121951219
30018	0.9230769230769231
22710	1.0
11828	0.9473684210526315
21407	0.043478260869565216
28287	0.42857142857142855
43098	0.4864864864864865
22245	0.05555555555555555
18849	1.0
5003	1.0
24980	0.1891891891891892
20122	0.6571428571428571
5921	0.8461538461538461
25838	0.5
26179	0.23333333333333334
22177	0.28125
18204	0.65625
40606	0.9375
22585	0.029411764705882353
32022	0.0967741935483871
25066	0.5909090909090909
8234	0.8709677419354839
21956	1.0
5108	0.38235294117647056
20421	1.0
23122	0.9032258064516129
7759	0.8611111111111112
19617	0.14285714285714285
43761	0.03571428571428571
37004	0.46153846153846156
14222	1.0
23639	0.058823529411764705
9594	0.4074074074074074
24908	0.9323671497584541
11917	0.65
8877	0.125
7948	0.88
49104	0.9583333333333334
42642	0.8518518518518519
11982	0.9090909090909091
3466	1.0
5381	0.7619047619047619
46435	0.045454545454545456
7981	0.5454545454545454
42117	1.0
15878	0.6190476190476191
9265	0.38095238095238093
18148	0.9821428571428571
4565	1.0
23628	0.3
16741	0.9473684210526315
26099	1.0
5941	0.9568965517241379
5278	0.7222222222222222
6129	0.9801324503311258
30570	0.9411764705882353
6513	1.0
13089	0.23529411764705882
12802	0.2777777777777778
18203	0.11764705882352941
14632	1.0
2306	1.0
48677	0.9333333333333333
18052	0.2857142857142857
50760	0.07692307692307693
33374	1.0
5112	0.125
39667	0.4166666666666667
27858	0.9166666666666666
34015	0.42857142857142855
40755	1.0
33791	0.5833333333333334
11592	0.2727272727272727
18131	0.2222222222222222
6714	0.4444444444444444
39619	0.8888888888888888
32693	0.6666666666666666
19388	0.5714285714285714
35000	0.8571428571428571
9128	0.3333333333333333
33729	1.0
2795	1.0
12735	1.0
40025	0.8
39055	1.0
12048	1.0
8370	1.0
11891	1.0
23512	0.3333333333333333
1905	0.9090909090909091
18595	0.6666666666666666
17733	1.0
8608	0.5
47796	0.5
4702	0.5
23120	0.5
24465	1.0
15198	1.0
11252	1.0
