23	0.008210022150752913
9248	0.00037279557410917766
158	0.00034237822410598286
42575	1.311207429021746e-05
87	0.003234888500777406
381	0.0002376813060424698
1892	0.0001649991480479649
39	0.003949130476454176
75	0.0014002630401908373
12764	1.870300952056399e-05
40548	5.757332112202083e-05
1688	3.354561138207919e-05
2851	0.0003258716534259121
11468	0.0002937237758514196
9	0.027013468829204915
2830	0.0005382606334263381
5057	4.798886072714106e-05
3762	0.00021871206151093694
22117	9.36481651083044e-05
36725	2.5758237311239378e-05
10131	0.00036108123362654684
4410	0.00018190507124448893
222	0.0012611552469595961
15631	0.0007719484143042746
2523	3.134917254158591e-05
309	0.0005562980554194799
5080	0.0014977050542054483
10621	3.960245788162127e-05
20426	0.0002082623373304083
2264	0.0003345242912824008
3069	0.0003214122169921833
5759	0.0006829593618879257
186	0.0013204590956529148
1819	0.0008940837255862494
15	0.003483418883516858
9177	8.732508359779345e-05
30163	1.6839364443781816e-05
17043	0.0003568214734510447
20878	0.0002622414858043492
12694	0.0004924682115396903
1460	0.0005752007411982705
42972	1.9302038295243977e-06
2169	0.00018163883623352006
89	0.0010088310153138378
4261	1.7039040702008476e-05
1301	0.0010083651040446423
14569	1.7504951971204022e-05
16066	0.00025585184554109604
7304	6.888830908819834e-05
9437	0.000847492598666695
25464	0.0001065605631402952
364	0.00039862037017315924
33450	0.00028493802048944644
2296	0.000804628761900705
3144	0.0009176455240569956
34410	0.0003625455261868757
10714	1.2313369257310813e-05
6888	1.3378309301186344e-05
13338	0.00013491459180848118
34023	5.923728994057634e-06
6463	4.8721007007305485e-05
6133	0.00011168558710144619
23347	3.594172648079913e-06
49	0.00712311771847245
39884	6.150028753381184e-05
9071	0.00019228823667227535
2729	4.472748184277225e-05
22155	3.7339460288385765e-05
10114	0.00015501533513663182
894	0.000911122766288258
6085	2.7488764882537114e-05
5429	6.922110285190943e-06
2295	0.0007412648292901109
5	0.043003011117974055
1716	0.00013058827288023683
763	0.00026743306851824243
27671	0.00032786841600817874
139	0.002495686992822304
6869	1.93685970479862e-05
1371	0.00018490021511788886
15189	3.6474196502736897e-05
22546	0.00012473110263892142
251	0.0007490522033609507
22429	1.1381546718919724e-05
789	6.529413644011841e-05
22631	5.697429234734084e-05
6848	0.00016599752933909822
226	0.0007266884624395647
1754	0.0014290164213754766
31300	4.392877680986561e-06
2889	9.997124661881536e-05
5177	7.368053928563821e-05
3672	0.00023335498711422547
378	0.0001307879491384635
5937	0.00028141040659410875
2111	0.00032307618581073886
12290	0.00010289983173947306
14279	0.00012792592277054802
13459	0.00021565035888479478
26924	2.7422206129794893e-05
29110	8.386402845519798e-05
1360	0.0005660156333198441
21663	0.0003112952865753658
51	0.005835072735404997
43917	2.269653468509723e-05
2362	0.0001501565461864497
5031	7.321462801644268e-06
36619	8.180070712018913e-05
27533	0.0002618421332878959
33632	4.732327319971886e-05
3620	0.00046850706055249087
5224	0.0006228568081617005
7963	0.0002796133202700688
5397	0.0002127883325168793
10059	2.2496858426870568e-05
5797	0.0003805829481800175
34205	2.3694915976230537e-05
40	0.00557469489467743
2005	0.000335788907584503
11167	3.707322527741688e-05
400	0.0008395721070903708
2694	0.00033924996272709847
6411	0.0006655875274222061
11379	1.5574748141679623e-05
21	0.010945387212199953
34976	1.5508189388937402e-05
15007	1.411045558135077e-05
32622	3.793848906306575e-06
43833	3.4610551425954717e-06
351	0.00010050371664075312
63	0.002121893037421993
93	0.002826883346467594
7092	1.3444868053928563e-05
1231	0.0002935906583459351
7795	4.5858980639390004e-05
5666	5.2381738408127624e-05
16675	1.5774424399906286e-05
3386	8.97877574492556e-05
6286	6.010255372622521e-05
11198	0.0002758194713637622
10361	2.8819939937381525e-05
15259	0.0008710543971374411
39303	0.00022842963941130113
1054	0.0010410454516410726
15668	6.349705011607846e-05
9637	4.206513173308343e-05
6461	0.00016127185789440053
31475	3.321281761836808e-05
12913	4.5925539392132225e-06
3200	7.101818917594939e-05
215	0.00025139240910736725
8379	3.780537155758131e-05
28748	0.00017644725351962685
7623	0.0009278290132265553
39999	4.765606696342996e-05
26912	8.539487976826905e-05
4447	0.0006279818321228515
38464	3.5542373964345804e-05
25290	7.953770952695364e-05
188	0.0004639810653660199
2486	4.0534280420012354e-05
8034	2.4227385998168304e-05
433	4.832165449085217e-05
4375	8.35977934442291e-05
14482	0.00033565579007901856
13137	0.0002005415220123107
62	0.0024243360098826438
29912	4.612521565035889e-05
9746	5.4910971012332004e-05
431	0.00042158313986922537
1071	0.0005444505974313646
18042	0.00010156865668462866
282	0.0005905092543289813
40559	0.00011275052714532171
529	0.0008613368192370769
13716	8.705884858682457e-05
12106	0.00037212998658175543
25318	9.65101914762199e-06
13124	3.7539136546612424e-05
137	0.0014544418649230049
2592	0.0002740223850397223
1651	0.00016613064684458265
162	0.0009534541330323103
4330	1.630689442184405e-05
8028	7.561074311516262e-05
3790	0.00010323262550318416
19095	1.311207429021746e-05
40106	2.262997593235501e-05
20845	5.065121083682989e-05
6287	5.730708611105195e-05
30944	5.3380119699260934e-05
2477	3.6806990266448e-05
253	0.001170036314455496
8040	0.00012100381248535708
394	0.0008413026346616685
25300	2.0100743328150626e-05
2787	3.3013141360141424e-05
14615	8.7191966092309e-06
1627	0.00010682679815126409
15683	0.0001042975655470597
22877	0.0002712934761772912
114	0.002999070839811719
22579	5.517720602330089e-05
3842	5.8039232391216376e-05
13383	4.858788950182104e-06
4268	0.0004301692189729718
19	0.007451385486997082
5229	0.00048321654490852164
10650	0.00017258684586057805
874	0.0009622398883942834
133	0.0015903548380226194
13240	0.00022643287682903453
24914	1.3910779323124108e-05
17571	0.00019974281697940406
317	0.0004553949862622734
6223	0.00010190145044833976
23462	2.396115098719942e-05
156	0.0005555659091393154
23470	0.00011940640241954378
18312	0.0002641051308811314
31148	0.00016420044301505827
33336	0.00011794210985921492
13375	2.622414858043492e-05
21964	1.723871696023514e-05
4195	0.00010176833294285531
10309	8.293220591680688e-05
13742	0.0002227721454282124
2522	0.00042903772017635405
21694	0.00038883623352005284
13228	2.7555323635279335e-05
19022	3.3279376371110305e-07
6005	6.256522757768738e-05
27821	0.0001721209345913825
28209	0.00012792592277054802
4386	0.00018836127026048433
12784	2.3295563459777213e-06
1858	0.00040048401524994144
5569	0.00014030585078060105
20832	2.19643884049328e-05
2096	0.0005732039786160039
4002	0.00017232061084960918
14984	2.2430299674128347e-05
10305	1.2246810504568592e-05
14846	1.843677450959511e-05
14815	7.867244574130477e-05
29389	3.3944963898532512e-06
11644	2.063321335008839e-06
41665	0.00011647781729888607
7954	6.7224340269642816e-06
20318	3.008455623948372e-05
14238	0.0002469995314263807
1068	0.0002600450469638559
973	0.0002529232604204383
32109	3.920310536516794e-05
10007	0.00020466816468232837
10741	4.8388213243594384e-05
962	0.0002386131285808609
13832	4.572586313390556e-05
36175	7.987050329066474e-07
1057	0.0008416354284253797
623	0.00050504781580797
8467	2.522576728930161e-05
352	0.0009541862793124747
777	0.00030856637771293474
2203	0.0004023476603267236
40286	1.078251794423974e-05
19428	8.938840493280229e-05
1202	0.00018290345253562225
8979	0.00017025728951460033
3015	0.0003236086558326766
11993	1.6639688185555154e-05
11273	0.00032567197716768545
21376	7.794029946114034e-05
19837	0.00037452610168047537
8923	0.000713509829396605
20132	0.00011940640241954378
9208	3.248067133820366e-05
252	0.0030308859236225
30819	0.00018090668995335562
18705	5.917073118783413e-05
2222	2.5758237311239378e-05
36056	0.0001560137164277651
607	0.0002908617494835041
4253	0.0009113224425464846
5733	9.038678622393559e-05
41491	1.504227811974186e-05
23760	5.5842793550723097e-05
42993	1.930203829524398e-05
15662	2.3029328448808332e-05
7271	0.00013751038316542777
22093	6.442887265446955e-05
19088	3.94027816233946e-05
6624	0.00022929490319695001
4957	0.0002289621094332389
77	0.0007500505846520841
12604	8.745820110327789e-05
5404	1.930203829524398e-05
238	0.0006002933909820878
6120	0.00013444868053928563
14522	7.281527549998934e-05
357	0.0006697807288449661
18834	0.0002318906945538966
39194	1.9235479542501758e-05
2438	1.737183446571958e-05
35459	9.890630657493984e-05
32784	2.7289088624310453e-06
243	0.0006342383548806202
24278	0.0004601206577069711
35723	9.983812911333092e-06
35469	3.361217013482141e-05
1813	0.00047509637707397073
5340	4.379565930438116e-05
6068	0.00013864188196204553
2913	0.0011445443121552257
41549	2.4626738514621626e-05
12831	1.198057549359971e-06
10432	5.7240527358309725e-06
44114	5.344667845200315e-05
5884	9.205075504249111e-05
393	0.00038577453089391067
8071	1.311207429021746e-05
461	0.00022916178569146558
1064	0.0004701710293710464
21469	0.0002175805627143192
9218	0.00017358522715171137
37978	8.679261357585568e-05
82	0.0010250713509829396
23909	0.00038211379949308855
485	0.000174982960959298
8413	7.407989180209154e-05
20797	0.0001540169538454985
6730	0.0009103906200080935
3755	0.0007157728269898405
2871	0.000400350897744457
2451	0.00023854656982811868
20682	0.00014270196587932098
4398	0.00017697972354156462
46077	6.81561628080339e-05
36291	0.00023854656982811868
8447	2.8354028668185982e-05
31320	8.386402845519798e-06
8784	1.198057549359971e-06
12838	0.00019488402802922194
37014	4.0334604161785694e-05
25414	6.056846499542076e-06
28507	7.52113905987093e-06
12336	5.6708057336371965e-05
14629	5.837202615492748e-05
18292	7.853932823582032e-06
4635	0.0001824375412664267
4769	0.00019614864433132416
25802	0.0003190161018934634
14670	0.0001284583927924858
17754	1.544163063619518e-05
906	0.0010520942045962813
15586	0.0001730527571297736
8	0.01968275436092948
1162	0.0004360263892142872
13528	0.0001036319780196375
6566	3.687354901919022e-05
8531	0.00013171977167685458
7660	0.0004426822644885093
13386	0.00034018178526548957
32770	0.00017172158207492917
11209	5.091744584779877e-05
666	0.0004440134395433537
36484	2.7289088624310453e-06
985	0.00022030947157675022
527	0.0005609571681114353
2986	0.00046284956656940217
5550	0.00014929128240080084
2956	1.2180251751826371e-05
19986	2.522576728930161e-05
29492	0.0002959867734446551
180	0.0007401333304934932
108	0.0007202322634235692
5605	0.0004498706097846691
971	5.2048944644416516e-05
15274	2.4626738514621626e-06
6252	7.32811867691849e-05
13734	2.529232604204383e-06
383	0.0006389640263253179
756	0.000344840897957445
3814	0.00010070339289897979
7140	1.8237098251368448e-05
6959	2.629070733317714e-05
25826	0.00011774243360098827
4988	6.52275776873762e-06
10	6.0035994973482995e-05
15613	0.0002702950948861579
38683	2.4160827245426083e-05
4934	1.0116930416817532e-05
954	0.0007905183063193543
5707	0.00016779461566313817
5671	4.692392068326553e-05
20368	2.815435240995932e-05
297	0.00010369853677237971
7948	3.134917254158591e-05
27672	9.051990372942003e-06
1448	0.00034410875167728057
1163	0.00025325605418414945
36	0.004259360822985666
1605	0.0007087175991991651
19714	0.0002587804306617537
12852	5.630870481991864e-05
412	0.0008511533300675172
517	0.00012060445996890374
18	0.0008156109561031714
19143	4.106675044195012e-05
13497	5.244829716086984e-05
46048	1.0250047922301974e-05
21400	0.0006213259568486295
46099	4.060083917275457e-06
11924	3.161540755255479e-05
16797	3.354561138207919e-05
1648	0.0001282587165342591
1148	0.00043090136525313625
4077	7.853932823582032e-05
16702	0.0002919266895273796
7941	9.33153713445933e-05
6170	6.629251773125173e-05
4627	8.106856084002471e-05
12424	0.0003138910779323124
1405	0.0002296276969606611
26447	1.5974100658132947e-06
11221	7.740782943920257e-05
274	0.001489784562629124
670	0.0006072155012672787
10045	0.00034623863176503163
3456	0.0013960032800153352
12248	0.00010536250559093523
15592	0.00030290888372984604
9518	0.0004294370726928074
8914	4.81219782326255e-05
11065	0.00020846201358863496
29284	7.574386062064706e-05
1108	0.00011740963983727716
3158	0.000142102937104641
1072	0.0006351036186662691
25466	1.8037421993141786e-05
6237	8.91221699218334e-05
10604	1.7970863240399565e-05
3332	0.00014869225362612086
16214	4.206513173308343e-05
40645	7.581041937338928e-05
446	0.0008968126344486805
7998	1.191401674085749e-05
3348	0.00039768854763476815
3275	0.0002543875529807672
10054	0.00018350248131030223
33002	9.471310515217993e-05
3300	0.00020919415986879938
26885	0.0001474941960767609
36083	0.00019368597047986197
9298	1.2246810504568592e-05
26236	0.00023175757704841217
22265	0.0002909948669889885
45014	9.051990372942003e-06
8795	3.6474196502736897e-05
19133	5.524376477604311e-05
12335	4.139954420566122e-05
4768	0.00013551362058316117
19281	3.7672254052096866e-05
45152	6.143372878106962e-05
38149	2.1298800877510595e-06
2681	0.0003032416774935571
46752	2.3095887201550553e-05
9128	5.0518093331345446e-05
12595	5.763987987476305e-05
16986	0.00039282975868458605
1160	0.0003723962215927243
6087	0.0002596456944474026
22	0.011856909331004665
1242	0.0005169618325488275
7136	2.382803348171498e-05
5173	9.983812911333092e-05
29637	1.863645076782177e-05
265	0.000404876892930928
23964	3.793848906306575e-05
9478	7.195001171434048e-05
5075	0.0004255766650337586
21157	0.00015807703776277396
23873	2.80877936572171e-05
40525	8.519520351004238e-05
3101	3.926966411791016e-05
1356	0.0003047725288066282
8178	2.3428680965261657e-05
8789	8.732508359779345e-05
25721	7.987050329066474e-06
1654	3.6540755255479114e-05
2995	0.0002615093395241848
7072	1.1115311707950842e-05
1693	0.00018583203765627996
12047	4.5925539392132225e-06
832	8.326499968051799e-05
13135	0.0003493003343911738
2144	0.00024393782880023854
8079	1.0183489169559753e-05
7019	0.0002053337522097506
359	0.00031209399160827243
2463	0.00017538231347575132
17010	1.7039040702008476e-05
47643	1.191401674085749e-05
21650	0.0001556143639113118
41256	8.333155843326021e-05
13002	3.03507912504526e-05
27435	0.00024240697748716748
30313	0.00018416806883772444
8195	1.0516282933270858e-05
935	0.00020912760111605716
16839	0.00014649581478562757
23969	9.105237375135779e-05
1504	0.0001759147834976891
7896	4.1332985452919e-05
11857	0.0002967854784775617
2934	8.279908841132244e-05
1078	0.0003409804902983962
23278	2.9751762475772614e-05
9325	0.0005150981874720453
9130	1.0183489169559753e-05
15754	9.151828502055334e-05
5285	7.800685821388255e-05
3890	0.00019302038295243977
44583	8.253285340035356e-06
4107	0.00020240516708909287
33551	7.088507167046496e-05
26666	1.5974100658132947e-06
4334	2.7422206129794893e-05
2587	6.78233690443228e-05
1768	0.00019195544290856424
21138	0.0004728333794807352
183	0.0001146141722221039
3555	8.918872867457561e-06
8749	0.00011128623458499286
4604	6.150028753381184e-05
16796	2.1431918382995037e-05
13	0.015824410023215694
1663	0.0006035547698664566
5200	5.5044088517816446e-05
1973	0.00013098762539669016
46588	4.479404059551447e-05
17217	6.935422035739387e-05
12868	2.7488764882537114e-05
24147	8.519520351004238e-06
13367	1.1048752955208621e-05
4735	5.524376477604311e-06
5043	0.00014569710975272093
6943	0.00019994249323763072
247	0.0018529291175906797
36382	0.000174982960959298
1031	5.191582713893208e-06
107	0.001459034418862218
6865	0.00011175214585418841
9419	7.987050329066474e-07
2662	0.00036727119763157334
5297	0.00010070339289897979
17741	2.4360503503652743e-05
21340	0.00010596153436561522
17836	1.0715959191497519e-05
17695	0.00021771368021980363
542	0.0003555568571489425
109	0.0002910614257417307
8776	1.1647781729888608e-05
1205	0.0003371200826393474
13760	0.00016606408809184044
8407	7.514483184596707e-05
34296	1.2379928010053034e-05
2543	2.6889736107857126e-05
10480	1.4642925603288536e-05
5359	0.00012972300909458798
37797	4.159922046388788e-05
8191	2.728908862431045e-05
190	0.0012554977529765075
27648	4.372910055163894e-05
8137	0.0002696295073587357
5482	0.0005238839428340185
31070	0.0001474941960767609
3019	6.076814125364742e-05
11265	0.00010323262550318416
8126	0.00013318406423718345
29058	0.0005817900577197504
720	9.291601882813998e-05
6232	6.935422035739387e-05
115	5.763987987476305e-05
13502	0.00017584822474494687
18513	0.0002479313539647718
9347	0.00010090306915720644
46613	0.00013358341675363678
5939	8.68591723285979e-05
9410	1.0449724180528637e-05
511	0.0003241411258546144
20	0.013209383186726587
15725	1.1381546718919724e-05
32974	0.00016892611445975592
3130	9.75085727673532e-05
13644	1.3977338075866329e-05
18337	0.0007075861004025473
1920	5.397914847394092e-05
8204	1.6972481949266255e-05
16730	0.0003380519051777385
6740	8.985431620199782e-06
22527	2.80877936572171e-05
9250	0.00013318406423718345
45781	6.256522757768738e-06
169	0.000657999829609593
25542	1.1581222977146387e-05
1349	5.444505974313646e-05
23351	6.516101893463398e-05
10522	3.8670635343230176e-05
12617	0.0004136626482929011
36087	1.530851313071074e-06
38926	1.74383932184618e-05
631	4.313007177695896e-05
20818	3.168196630529701e-05
5891	1.3644544312155226e-05
22440	0.00015794392025728952
1024	0.00043709132925816275
16500	0.000353293859555707
36787	3.6008285233541354e-05
10579	2.7954676151732657e-05
30063	3.9336222870652385e-05
20997	8.386402845519798e-06
12212	0.00018250410001916892
5525	0.00040600839172754577
27565	1.8103980745884007e-05
32091	5.058465208408766e-06
4662	2.6623501096888246e-05
20667	1.637345317458627e-05
30307	1.9235479542501758e-05
5901	7.494515558774041e-05
10457	9.085269749313114e-05
9899	1.7504951971204022e-05
10611	2.855370492641264e-05
31400	0.0019583581819343572
18305	0.00012386583885327256
3677	6.855551532448723e-06
1796	4.139954420566122e-05
9788	1.6573129432812933e-05
9742	2.3561798470746095e-05
3509	0.0010522273221017656
5123	0.00034810227684181383
11130	0.00042411237247342974
25820	7.454580307128709e-06
1096	0.0006437562565227578
10072	4.525995186471002e-05
24481	8.7191966092309e-06
7745	5.564311729249643e-05
34345	1.4642925603288536e-06
15038	5.923728994057634e-06
33080	2.6556942344146025e-05
42398	0.00010103618666269089
360	0.00010609465187109965
5147	5.384603096845648e-05
9904	0.00036960075397755106
44358	3.26137888436881e-06
42986	3.241411258546144e-05
84	0.0025247066090179123
2558	7.321462801644268e-05
35725	4.193201422759899e-06
2635	0.00034184575408404506
39291	2.7754999893505994e-05
1167	0.00024100924367958084
1695	1.1314987966177504e-06
3453	4.439468807906115e-05
4232	0.00012739345274861025
12105	8.319844092777577e-06
7436	3.5276138953376926e-06
17572	0.00027495420757811333
12482	7.04191604012694e-05
8939	4.2863836765990075e-05
15956	7.407989180209154e-05
617	0.0009463323464888926
4428	3.6008285233541354e-05
22181	3.660731400822134e-06
30645	3.813816532129241e-05
21420	2.6024472322208258e-05
1399	4.572586313390556e-05
95	0.00041126653319418117
8234	6.016911247896744e-05
21647	4.8388213243594384e-05
10613	0.00032886679729931205
7278	0.0003755910417243509
5113	2.9751762475772614e-05
3732	1.97013908116973e-05
685	0.0006434234627590466
7597	7.128442418691827e-05
3103	0.00047649411088155735
2161	0.00014469872846158762
35125	1.3711103064897447e-05
970	0.0006097447338714831
13551	7.62097718898426e-05
988	9.770824902557985e-05
22207	4.0534280420012354e-05
41513	7.254904048902047e-06
2436	1.830365700411067e-05
36623	8.665949607037123e-05
26266	0.00010057027539349534
41711	3.8337841579519075e-05
28799	7.088507167046496e-05
9103	0.00018064045494238675
10204	0.00016260303294924496
806	0.0004253104300227897
9002	4.545962812293668e-05
6758	0.0004374906817746161
2508	0.00011508008349129943
27837	3.993525164533237e-07
30968	2.9951438733999276e-06
12222	1.084907669698196e-05
26346	6.635907648399395e-05
1660	0.00012586260143553917
9294	0.00012606227769376585
3905	0.00017711284104704906
22732	1.4642925603288536e-06
5622	0.0001475607548295031
14	0.017083967860109475
8342	0.00020460160592958616
1547	0.0001411045558135077
40814	0.00011614502353517497
23724	3.6540755255479114e-05
3886	4.798886072714106e-05
13217	2.8953057442865967e-05
369	0.00032786841600817874
23551	9.358160635556218e-05
1780	9.55783689378288e-05
41626	2.1365359630252816e-05
7121	0.00015328480756533408
18780	7.787374070839811e-06
8905	0.00045026996230112246
2958	6.595972396754063e-05
12729	8.120167834550914e-06
1193	5.125023961150987e-05
1309	4.9186918276501035e-05
3095	2.169815339396392e-05
22388	0.00031335860791037467
19537	1.537507188345296e-05
16221	6.6558752742220615e-06
31105	8.060264957082916e-05
39324	3.094982002513259e-05
4666	9.258322506442888e-05
4595	0.00031542192924538347
5548	0.00015162083874677856
9675	9.484622265766438e-05
11569	3.394496389853251e-05
35008	6.582660646205618e-05
13429	2.7422206129794893e-05
15224	0.0006451539903303444
5849	0.0005124358373623565
1817	0.00032786841600817874
13683	7.58769781261315e-06
16173	1.4975719366999638e-05
7017	6.356360886882068e-05
36980	3.7472577793870206e-05
22818	7.095163042320717e-05
1106	0.00020034184575408405
429	0.00018456742135417777
4477	0.00021298800877510597
18094	0.00021232242124768377
13087	6.1034376264616305e-05
241	0.00021252209750591042
9069	2.1431918382995037e-05
2783	9.378128261378885e-05
3766	0.0003922972886626483
10278	1.2513045515537476e-05
23053	5.5909352303465316e-06
9984	5.384603096845648e-05
236	0.0005457152137334668
10473	2.402770973994164e-05
9062	1.4975719366999638e-05
11271	1.630689442184405e-05
504	2.8620263679154862e-05
22199	2.3295563459777213e-06
42710	1.2646163021021915e-06
18316	7.88055632467892e-05
32539	7.953770952695364e-05
13503	0.00019188888415582202
12142	0.0002967189197248195
22397	0.0002574492556069093
12513	0.00012486422014440588
3974	0.0002921929245383485
3558	0.00010549562309641967
8553	8.65263785648868e-06
738	0.00040713989052416346
37256	0.00014230261336286768
740	0.0002689639198313135
9456	3.90699878596835e-05
4167	0.00017125567080573365
2670	1.6772805691039596e-05
23942	9.118549125684224e-06
8154	0.00012905742156716577
152	8.173414836744691e-05
2049	0.0003325940874528764
2454	4.925347702924325e-06
1763	1.7904304487657344e-05
135	0.00064322378650082
9864	0.00013844220570381887
1244	0.000382845945773253
4169	0.00012539669016634365
6652	0.0003316622649144853
18000	1.1847457988115269e-05
376	0.0006327075035675491
19488	2.0966007113799494e-05
3259	0.00012060445996890374
36456	2.6623501096888244e-06
3473	0.00011394858469468168
16286	7.501171434048263e-05
5087	6.256522757768738e-06
304	0.0003057043513450193
1352	0.00016306894421844051
31915	0.00022889555068049668
38897	7.374709803838044e-05
15066	4.8521330749078826e-05
46293	3.6008285233541354e-05
11184	0.00015288545504888075
5538	1.737183446571958e-05
14071	5.258141466635429e-06
2979	6.030222998445187e-05
23216	0.0003689351664501289
6	0.02591538252646376
3708	0.00022623320057080787
12186	0.0005214212689825563
29777	0.00013737726565994334
40532	0.00016446667802602714
8465	4.898724201827437e-05
1770	4.6524568166812206e-05
45052	0.00017651381227236907
3145	4.0001810398074587e-05
12403	0.0001805073374369023
19138	9.511245766863325e-05
1672	0.00012326681007859258
31533	9.058646248216226e-05
26808	4.832165449085217e-05
5919	0.00028180975911056206
31518	3.248067133820366e-05
767	0.0001578773615045473
31	0.006677040957594088
714	6.81561628080339e-05
42166	1.3245191795701902e-05
4479	4.625833315584332e-05
3097	8.645981981214458e-05
40048	0.0001620705629273072
4821	7.101818917594939e-05
6418	7.720815318097592e-05
40654	0.0002525904666567272
26926	4.912035952375881e-05
76	0.0005846520840876658
13442	0.00013451523929202785
29845	1.5108836872484078e-05
10993	1.950171455347064e-05
2446	0.00019488402802922194
484	0.000225367936785159
36973	1.74383932184618e-05
33449	3.993525164533237e-07
30258	2.19643884049328e-05
5976	1.2712721773764137e-05
12995	0.0002589135481672382
567	0.00031442354795425015
7645	1.97013908116973e-05
36171	2.5159208536559393e-05
9619	3.594172648079913e-06
1765	2.3162445954292774e-05
1014	3.055046750867926e-05
17212	4.106675044195012e-05
14617	7.647600690081148e-05
23833	3.321281761836808e-05
12149	0.00029212636578560626
1862	0.00010695991565674852
22630	3.1149496283359246e-05
22612	1.198057549359971e-06
18675	4.32631892824434e-06
6039	1.2113692999084152e-05
1656	0.00036700496262060447
11962	1.1714340482630829e-05
23122	2.3295563459777213e-06
3522	0.00010389821303060638
5871	0.0001504893399501608
483	0.0003474366893143916
19231	2.529232604204383e-06
11234	1.5508189388937402e-05
6675	0.00020100743328150625
4071	0.0002269653468509723
71	4.3529424293412283e-05
15698	8.75247598560201e-05
5332	3.1149496283359246e-05
2378	0.00012672786522118805
7665	8.725852484505122e-05
4780	5.697429234734084e-05
45133	3.993525164533237e-07
10355	8.639326105940235e-05
18387	5.39125897211987e-06
19079	2.1764712146706142e-05
17	0.008593267449042619
6875	9.950533534961982e-05
526	0.00015474910012566292
28485	1.7638069476688464e-05
10936	7.494515558774041e-05
9400	0.00012013854869970821
2808	6.576004770931396e-05
6951	0.00022170720538433687
14032	9.078613874038892e-05
1788	0.00013125386040765906
2524	1.1647781729888608e-05
7210	0.000105894975612873
15405	1.4376690592319652e-05
259	0.0007508492896849908
936	8.659293731762902e-05
27156	1.843677450959511e-05
34279	1.5974100658132947e-06
744	2.6024472322208258e-05
4856	1.3977338075866329e-06
29593	8.938840493280229e-05
41494	1.930203829524398e-05
9359	0.00012133660624906818
792	0.0002489297352559051
5222	0.00026923015484228236
3014	3.208131882175034e-05
2959	9.418063513024216e-05
3599	1.6173776916359608e-05
9466	0.00019375252923260422
16754	4.632489190858555e-05
419	8.180070712018913e-05
263	0.0011403511107324657
3372	2.5492002300270494e-05
8016	0.0004943984153692147
31204	8.845658239441119e-05
12556	8.799067112521565e-05
5779	0.00010143553917914421
900	0.00029272539456028627
1274	0.00025199143788204727
21730	0.00044314817575770486
23777	6.7889927797065024e-06
21521	0.00012706065898489914
3986	2.722252987156823e-05
33983	7.321462801644268e-07
11179	5.923728994057634e-06
2512	0.0001526857787906541
1098	0.00043083480650039403
15716	0.0002047347234350706
2306	0.0003208797469702456
5047	2.3295563459777215e-05
1010	0.0002166487401759281
10622	3.3013141360141424e-05
385	0.00026164245702966924
1246	0.00013571329684138782
7045	1.4310131839577431e-05
8432	6.509446018189176e-05
15227	1.7837745734915123e-05
18518	0.00011860769738663714
1308	0.000463714830355051
29549	0.0006512108368298865
11371	0.0003109624928116547
27416	0.0003403814615237162
7214	9.451342889395327e-06
12860	4.239792549679453e-05
27498	0.0002732236800068156
17715	4.6191774403101105e-05
8551	3.1016378777874804e-05
30069	7.454580307128709e-06
27497	1.4642925603288536e-06
2298	2.156503588847948e-05
10515	3.441087516772806e-05
25692	0.00011241773338161061
8267	2.0034184575408405e-05
8946	0.00026343954335370916
7149	8.373091094971353e-05
12132	0.00010356541926689528
42494	2.6623501096888243e-07
42137	0.00013391621051734787
5236	1.0316606675044195e-05
10800	0.00011488040723307278
3891	0.00013930746948946776
6478	0.0005744020361653639
34237	0.00019508370428744862
38538	8.353123469148686e-05
337	0.00036693840386786225
5350	0.0003907664373495772
10803	0.00032880023854656984
8800	3.840440033226129e-05
3595	0.0002744217375561756
12519	0.00012652818896296137
11228	1.8902685778790654e-05
13926	2.6623501096888246e-05
12319	0.00011840802112841047
44575	1.4509808097804094e-05
2951	1.0516282933270858e-05
5584	4.932003578198548e-05
3548	2.0100743328150626e-05
9558	0.00014762731358224532
2514	0.00011860769738663714
17889	4.3995335562607826e-05
2766	0.0004175230559519499
43247	3.0217673744968157e-05
1218	0.0002063986922536261
5999	5.3912589721198694e-05
10135	2.941896871206151e-05
6967	9.88397478221976e-05
4771	2.1831270899448363e-05
181	0.0002638388958701625
1083	0.00013458179804477007
774	0.0003690017252028711
42309	2.5758237311239378e-05
5853	2.156503588847948e-05
13092	7.015292539030052e-05
11480	8.7191966092309e-06
5027	0.00012093725373261486
3294	0.00021644906391770144
16429	9.111893250410002e-05
1044	0.00012859151029797022
15577	0.000146628932291112
24922	0.00014995686992822304
996	6.742401652786948e-05
28605	6.0901258759131864e-05
3091	7.853932823582032e-05
7736	3.154884879981257e-05
26693	6.582660646205618e-05
5086	6.675842900044728e-05
14517	4.126642670017678e-05
5322	6.855551532448723e-05
6184	7.647600690081148e-05
12048	1.8103980745884007e-05
23721	3.128261378884369e-06
29702	4.226480799131009e-05
4655	3.2347553832719215e-05
8010	8.732508359779345e-05
10413	8.985431620199782e-06
702	0.000261575898276927
5303	7.16837767033716e-05
4695	0.00016526538305893377
7115	0.00043056857148942516
47133	3.174852505803923e-05
7767	9.777480777832209e-05
16278	0.00021498477135737257
1744	8.732508359779345e-05
26195	5.484441225958979e-05
1361	8.472929224084685e-05
1419	0.00022643287682903453
25219	0.0002030707546165151
36177	4.5193393111967795e-05
4976	3.5542373964345804e-05
1756	0.00014802666609869865
19092	0.00012619539519925029
2606	0.00022836308065855892
11819	2.3295563459777215e-05
97	0.0005592931992928798
2816	0.00026756618602372686
16930	2.3029328448808332e-05
25098	0.0002321569295648655
35648	0.0001398399395114055
20154	0.00022257246916998572
12529	2.16315946412217e-05
29500	4.679080317778109e-05
3537	0.00037366083789482654
22944	2.9951438733999277e-05
9889	0.00011394858469468168
11	0.017947700794445274
30649	3.494334518966582e-05
13806	4.0534280420012354e-05
6248	3.4610551425954717e-06
22649	0.00019328661796340867
22049	8.785755361973121e-06
7945	1.1448105471661945e-05
36845	4.5925539392132225e-06
7131	0.0004924682115396903
25993	0.00022463579050499457
5242	0.0002318241358011544
1909	3.7672254052096866e-05
3853	1.1514664224404166e-05
14019	1.544163063619518e-05
23235	5.125023961150987e-06
17046	7.388021554386488e-06
4257	4.7057038188749973e-05
1597	0.0003112287278226236
2418	0.0002040691359076484
2509	0.0003842436795808396
25041	3.3279376371110308e-06
6659	4.126642670017678e-06
6270	4.339630678792784e-05
122	0.0006995324913207386
279	0.00036820302016996444
35101	2.1298800877510595e-06
36479	0.0001269275414794147
2570	0.00020619901599539946
15677	0.0001391743519839833
29562	0.00010136898042640199
2184	0.00024100924367958084
13051	8.61935848011757e-05
8811	9.644363272347767e-05
5624	0.00023295563459777214
8019	0.0002541213179697983
1501	0.0002682983323038913
17657	0.00011907360865583267
13530	0.00018949276905710208
36615	5.87713786713808e-05
1971	0.00039762198888202593
33626	8.765787736150455e-05
30832	9.517901642137548e-06
1935	0.00017285308087154692
3375	3.9868692892590145e-05
19256	3.5276138953376926e-06
7498	0.00011288364465080616
39524	3.7272901535643544e-06
13887	6.962045536836276e-05
28738	1.7970863240399565e-05
519	0.00022443611424676792
5260	6.389640263253179e-06
12391	3.6540755255479114e-05
2212	0.00018902685778790653
240	0.00038743849971246616
7011	8.765787736150455e-05
14579	5.990287746799855e-07
5713	3.2813465101914765e-05
329	0.0003409804902983962
8863	3.7139784030159105e-05
7180	0.00010942258950821069
14390	1.1514664224404166e-05
10378	8.093544333454026e-05
8629	0.00011275052714532171
21081	0.00010210112670656643
29409	8.7191966092309e-06
15625	1.8636450767821772e-06
36159	2.2097505910417243e-05
48267	7.987050329066474e-06
26903	4.7190155694234415e-05
5696	2.296276969606611e-05
27859	2.629070733317714e-05
27901	0.00018057389618964453
47300	6.0435347489936314e-05
29830	0.0001277928052650636
7507	0.00010449724180528636
10038	5.451161849587868e-05
20550	5.078432834231433e-05
2114	0.00032114598198121444
452	0.000398553811420417
334	0.00036780366765351113
8593	1.1248429213435284e-05
13226	4.885412451278993e-05
17879	7.627633064258482e-05
11610	6.882175033545612e-05
597	0.0003688020489446444
25330	1.5641306894421844e-05
4463	0.0005118368085876765
16342	1.2646163021021915e-06
6400	2.1165683372026154e-05
2054	0.0005117702498349342
18771	4.912035952375881e-05
8371	1.078251794423974e-05
11947	8.519520351004238e-05
10484	0.00043808971054929606
13209	4.439468807906115e-05
9928	2.5558561053012715e-05
2257	0.00014489840471981427
4130	7.454580307128709e-06
19141	1.8103980745884007e-05
1839	1.843677450959511e-05
81	0.0008820365913399076
2503	0.00030277576622436155
19455	1.930203829524398e-05
32356	9.584460394879768e-05
46805	2.629070733317714e-05
25723	0.00013065483163297907
4035	0.0003658069050712445
9237	2.8753381184639304e-05
5110	4.3063513024216734e-05
2789	6.4561990159954e-06
26191	5.311388468829205e-05
2914	0.00015361760132904517
30177	5.963664245702967e-05
22170	1.5840983152648507e-05
36723	5.783955613298971e-05
32464	1.870300952056399e-05
39778	7.887212199953142e-05
6681	0.00011135279333773509
27072	9.304913633362441e-05
29111	9.49127814104066e-05
4074	2.8420587420928203e-05
25238	2.4560179761879405e-05
3637	1.8969244531532875e-05
18118	0.00012732689399586804
14197	5.244829716086984e-05
6123	2.3229004707034994e-05
9191	0.00010529594683819302
10291	2.529232604204383e-06
17172	0.00018270377627739557
10086	0.00022463579050499457
7676	0.00011647781729888607
6220	0.0002424735362399097
10688	1.644001192732849e-05
634	0.00020460160592958616
22258	4.2198249238567866e-05
1250	0.00031409075419053906
17417	0.00018935965155161765
26430	4.765606696342996e-05
17143	2.1365359630252816e-05
6317	0.00010270015548124641
5540	0.00022936146194969223
863	6.4561990159954e-05
27412	0.0003272693872334988
33189	3.26137888436881e-06
3276	1.0050371664075313e-05
12666	4.179889672211455e-05
4839	4.625833315584332e-05
3172	0.00024919597026687397
22971	2.7355647377052672e-05
111	0.000778670848331239
10721	8.239973589486913e-05
5570	0.00017158846456944473
2869	4.013492790355903e-05
952	0.0002961198909501395
6591	5.790611488573193e-06
32240	0.00010782517944239739
14481	2.3162445954292774e-05
25502	1.3644544312155226e-05
2901	0.00032480671338203657
9484	1.5108836872484078e-05
31926	0.00010942258950821069
348	7.248248173627824e-05
445	0.0002905955144725352
11220	3.793848906306575e-05
8405	7.920491576324253e-06
15948	1.4709484356030755e-05
23581	6.389640263253179e-06
15594	2.289621094332389e-05
6941	0.00021638250516495922
12936	9.231699005345999e-05
21481	9.517901642137548e-06
1277	8.259941215309578e-05
19114	3.9336222870652385e-05
1506	0.00023621701348214096
31158	7.84727694830781e-05
10148	8.592734979020682e-05
14751	8.992087495474005e-05
11449	0.00011654437605162829
30278	1.3777661817639668e-05
15203	2.6623501096888243e-07
8969	4.32631892824434e-06
23082	4.206513173308343e-05
39644	3.341249387659475e-05
21919	7.887212199953142e-05
9562	0.0003003796511256416
8222	0.00032840088603011653
15816	0.00025492002300270494
26779	1.723871696023514e-05
9591	1.0183489169559753e-05
7564	5.9237289940576345e-05
7761	1.311207429021746e-05
2413	7.04191604012694e-05
7413	8.060264957082916e-05
9030	1.837021575685289e-05
30851	0.0001508221337138719
3004	0.0001039647717833486
23654	1.9967625822666185e-06
3491	0.00019674767310600414
27633	1.2646163021021916e-05
27933	2.6490383591403804e-05
5597	0.0001497571936699964
4721	5.511064727055867e-05
14932	2.7355647377052672e-05
1088	0.00022976081446614556
26700	0.00020333698962748397
134	0.00035881823603331134
17455	2.8686822431897083e-05
18964	8.872281740538007e-05
15444	3.327937637111031e-05
8303	0.00028314093416540646
772	0.00046704276799216203
8650	4.080051543098124e-05
21966	0.0007352079827905689
10843	1.8103980745884007e-05
11131	9.684298523993099e-05
18025	1.2779280526506358e-05
1838	0.000211789951225746
32506	5.1716150880705415e-05
31798	4.126642670017678e-06
35509	3.9535899128879044e-05
15546	2.056665459734617e-05
21434	7.321462801644268e-06
13841	3.2946582607399207e-05
17980	9.71757790036421e-05
3361	8.7191966092309e-05
35649	5.790611488573193e-06
17871	1.524195437796852e-05
14683	4.259760175502119e-05
432	0.00023368778087793656
6109	1.7970863240399565e-05
15123	1.5907541905390727e-05
11079	4.126642670017678e-06
1941	0.00011421481970565057
28113	1.198057549359971e-06
39804	1.3178633042959681e-05
18521	4.226480799131009e-05
4682	7.115130668143384e-05
11491	2.0766330855572832e-05
33358	6.855551532448723e-06
660	0.00020134022704521736
3950	9.185107878426444e-05
16241	5.797267363847415e-05
23340	3.075014376690592e-05
31495	0.00011308332090903281
9303	2.955208621754595e-05
15439	5.9037613682349686e-05
6218	7.141754169240272e-05
46426	7.987050329066474e-07
18514	2.3428680965261657e-05
14833	7.321462801644268e-07
1951	0.0001627361504547294
38941	8.406370471342463e-05
2614	0.0002659687759579136
11575	0.0001388415582202722
40707	0.00011681061106259717
38133	0.00015008998743370748
13218	0.00013990649826414774
387	0.0002063986922536261
6698	3.9535899128879044e-05
11391	5.085088709505655e-05
2874	5.451161849587868e-05
38925	0.00012379928010053035
21056	2.7355647377052672e-05
24117	0.00022290526293369684
20085	2.156503588847948e-05
28659	3.128261378884369e-06
14896	5.331356094651871e-05
17168	5.417882473216758e-05
12526	2.0100743328150626e-05
12689	1.9035803284275096e-05
66	0.0006421588464569445
477	5.464473600136312e-05
14083	0.00023268939958680327
2651	9.917254158590871e-05
47745	1.6639688185555154e-05
7425	3.2147877574492556e-05
13448	3.128261378884369e-05
6071	0.0001369113543907478
39495	1.7837745734915123e-05
17317	0.00010549562309641967
27870	4.1000191689207896e-05
20316	5.697429234734084e-05
45348	1.4909160614257418e-05
30449	7.028604289578497e-05
37135	1.6639688185555154e-06
6302	2.2763093437839448e-05
6881	6.955389661562054e-05
6050	2.6423824838661583e-05
21430	0.00012739345274861025
17151	3.926966411791016e-06
44673	3.926966411791016e-06
5536	0.00011115311707950843
7200	0.00016133841664714278
44243	3.134917254158591e-05
34672	4.392877680986561e-06
4995	2.3095887201550553e-05
14257	2.3362122212519436e-05
15310	0.00048155257608996615
16387	0.00015747800898809397
23254	0.00014416625843964985
2221	5.218206214990096e-05
9433	4.060083917275457e-05
3711	0.0008696566633298545
33916	1.8170539498626227e-05
13824	4.446124683180337e-05
2831	0.00013757694191817002
4023	0.00023654980724585205
26588	3.347905262933697e-05
10036	1.1381546718919724e-05
27964	4.3196630529701176e-05
26530	3.2946582607399207e-05
26778	3.121605503610147e-05
23213	1.630689442184405e-05
11694	3.9669016634363486e-05
7252	1.1514664224404166e-05
31461	9.258322506442888e-05
44163	5.9902877467998554e-05
6770	5.2514855913612066e-05
29189	8.852314114715342e-05
40932	9.185107878426445e-06
11518	3.2813465101914765e-05
14334	0.00018909341654064875
27573	0.0002794136440118421
10058	7.787374070839811e-06
29547	1.1714340482630829e-05
42544	1.09821942024664e-05
12926	0.0002624411620625759
7035	9.451342889395327e-06
15336	2.7954676151732658e-06
1056	9.917254158590871e-06
1118	0.00016440011927328492
3272	5.564311729249643e-05
33222	7.321462801644268e-06
36106	7.987050329066474e-06
25773	1.6839364443781816e-05
26059	2.2496858426870568e-05
8805	0.000114946965985815
2613	0.0001546825413729207
23944	0.00011115311707950843
10005	0.0002602447232220826
7368	2.9818321228514835e-05
12672	4.792230197439884e-06
1471	2.5159208536559393e-05
36576	6.7224340269642816e-06
148	0.00014642925603288535
857	4.492715810099891e-05
17698	7.454580307128709e-06
17379	2.6623501096888244e-06
3325	0.00015315169005984962
37401	4.113330919469234e-05
699	6.52275776873762e-05
7949	7.374709803838044e-05
46635	2.8354028668185982e-05
3435	5.923728994057634e-06
20344	5.5044088517816446e-05
1588	0.00022803028689484783
5045	0.00043130071776958955
13492	0.00042471140124810975
43068	3.7139784030159105e-05
47339	2.7488764882537114e-05
35666	0.00016400076675683159
13800	6.802304530254947e-05
23209	5.857170241315414e-06
32362	3.1948201316265894e-06
34629	7.221624672530936e-05
46323	3.494334518966582e-05
25462	0.00010090306915720644
7090	3.1815083810781455e-05
1084	7.594353687887372e-05
36950	9.025366871845116e-05
40867	4.35959830461545e-05
26527	7.454580307128708e-05
1637	0.0002453355626078252
7399	1.837021575685289e-05
27647	1.3511426806670784e-05
500	0.00039549210879427486
12640	1.1181870460693063e-05
14270	0.00024147515494877639
15778	0.00011408170220016613
27822	4.858788950182104e-06
19807	0.00016320206172392495
258	0.00041885423100679434
42369	4.592553939213222e-05
25528	1.7970863240399565e-06
9640	2.9019616195608188e-05
42104	0.0002569833443377138
1689	0.0003354561138207919
11205	2.8620263679154862e-05
34222	8.918872867457561e-06
2968	1.4376690592319652e-05
11965	6.382984387978956e-05
5378	0.00016826052693233372
33545	4.372910055163894e-05
961	1.524195437796852e-05
25365	1.8170539498626227e-05
14798	0.0002844721092202509
28957	9.950533534961982e-05
14827	1.730527571297736e-05
32378	0.00011488040723307278
11759	0.00011248429213435283
35815	1.8636450767821772e-06
13826	3.108293753061703e-05
33511	0.0003491006581329471
13384	0.0005827884390108837
14592	0.000633572767353198
7634	0.0008122830184660604
12331	0.00026423824838661583
39177	5.125023961150987e-06
26419	1.530851313071074e-06
4547	6.323081510510958e-05
14429	6.309769759962514e-05
28448	5.4045707226683136e-05
47	0.0005549668803646355
150	0.0005937040744606078
10746	3.327937637111031e-05
34736	8.23331771421269e-05
2721	6.982013162658942e-05
22861	8.672605482311345e-05
34239	5.058465208408766e-06
46109	0.0002101925411599327
33360	7.015292539030052e-05
2084	5.4910971012332004e-05
5355	1.4509808097804094e-05
13594	4.466092309003003e-05
43217	1.198057549359971e-06
17243	9.917254158590871e-06
166	0.0004197860535451854
30	0.00018270377627739557
267	0.0005885124917467147
3498	0.00016173776916359608
25342	0.00021751400396157698
8919	2.848714617367042e-05
3915	1.3311750548444123e-05
15611	4.858788950182104e-06
2287	0.00035662179719281805
7975	6.123405252284296e-05
859	0.0002870679005771975
40505	7.248248173627824e-05
4138	0.00013058827288023683
26920	1.411045558135077e-05
8459	0.0002347527209218121
19265	4.060083917275457e-06
8187	0.00016060627036697833
3256	8.253285340035356e-06
4660	7.3613980532896e-05
3050	8.486240974633128e-05
2086	3.3944963898532512e-06
113	0.00034943345189665824
3549	5.464473600136312e-05
1719	0.00015281889629613853
4096	2.3428680965261657e-05
29617	4.925347702924325e-05
35816	0.00010356541926689528
45987	5.397914847394092e-05
17147	8.053609081808693e-06
14722	1.1181870460693063e-05
20669	4.439468807906115e-05
2389	4.4195011820834485e-05
2672	0.00013125386040765906
27287	4.545962812293668e-05
14167	7.72081531809759e-06
3518	8.985431620199782e-06
23604	1.3178633042959681e-05
13188	0.0003293992673212498
3125	4.845477199633661e-05
34300	0.00014243573086835211
4606	1.2579604268279697e-05
5922	1.597410065813295e-05
7128	8.046953206534472e-05
1647	0.000431433835275074
1465	5.2381738408127624e-05
12116	5.258141466635429e-06
3573	8.160103086196247e-05
33250	0.0001298561266000724
28619	0.00021125748120380823
4736	7.188345296159826e-06
22985	1.3844220570381887e-05
230	0.0002292283444442078
1974	5.511064727055867e-05
48348	1.0649400438755297e-06
696	0.00023741507103150093
9966	0.00041293050201273666
30566	3.48767864369236e-05
7422	7.407989180209154e-05
19872	2.2363740921386126e-05
14664	9.537869267960213e-05
1746	0.0004840152499414283
11810	6.855551532448723e-05
30220	1.5574748141679623e-05
14602	7.65425656535537e-06
47073	1.51753956252263e-05
673	0.0002059993397371728
15476	3.880375284871462e-05
9048	7.308151051095823e-05
2154	1.963483205895508e-05
26192	4.3529424293412283e-05
14597	4.7057038188749973e-05
586	2.156503588847948e-05
1662	0.00036733775638431556
11451	0.00012659474771570362
5384	7.853932823582032e-05
13496	1.863645076782177e-05
16826	7.987050329066474e-06
15164	3.900342910694128e-05
48130	0.00022936146194969223
9227	5.39125897211987e-06
2528	1.51753956252263e-05
2807	8.133479585099359e-05
8581	1.7105599454750697e-05
6490	4.026804540904347e-05
3284	2.0899448361057274e-05
709	0.0001494909586590275
1426	6.915454409916722e-05
6615	3.9469340376136826e-05
3534	0.00038797096973440396
13869	0.00013764350067091224
15834	0.00015707865647164064
7601	9.983812911333092e-05
9324	6.695810525867393e-05
5969	1.7305275712977358e-06
3315	0.00014263540712657877
27715	1.2047134246341931e-05
5957	1.4177014334092991e-05
5102	4.146610295840344e-05
12553	1.3311750548444122e-07
687	0.00034051457902920066
10669	0.00016400076675683159
28103	0.00011288364465080616
65	0.0009846036293156696
19653	3.4011522651274734e-05
8430	1.0582841686013077e-05
13575	5.218206214990096e-05
7175	2.19643884049328e-05
3991	6.855551532448723e-06
15849	0.000421782816127452
35304	2.6623501096888244e-06
1397	0.00017152190581670252
22674	3.993525164533237e-06
6790	4.472748184277225e-05
30900	1.4642925603288536e-06
39770	9.318225383910886e-07
34831	6.988669037933164e-06
6488	0.00014509808097804095
43619	2.6490383591403804e-05
38535	0.00011740963983727716
7250	5.837202615492748e-05
24087	0.0002153841238738259
42101	1.1780899235373048e-05
35224	0.00010682679815126409
45533	0.00012213531128197483
39932	9.431375263572661e-05
3202	0.00010616121062384188
31764	5.411226597942536e-05
30511	1.537507188345296e-05
31177	8.652637856488679e-07
12750	1.2845839279248579e-05
3337	6.269834508317182e-05
5715	0.00014922472364805862
8440	7.820653447210922e-05
33576	6.329737385785181e-05
32985	0.00023947839236650975
17083	4.965282954569658e-05
12416	6.735745777512727e-05
2204	0.00011101999957402398
10257	2.396115098719942e-06
39775	3.1815083810781455e-05
23965	0.00011780899235373049
514	9.517901642137548e-05
25777	1.09821942024664e-05
8612	4.925347702924325e-06
12366	4.206513173308343e-05
35973	0.00010143553917914421
22608	7.52113905987093e-06
14647	1.6173776916359608e-05
16708	8.319844092777577e-06
28620	0.0002597122532001448
6867	0.00012506389640263253
23950	1.504227811974186e-05
10490	5.697429234734084e-05
3404	5.557655853975421e-05
577	0.00015028966369193413
16512	4.4061894315350044e-05
23682	0.00016280270920747162
25775	9.52455751741177e-05
5735	3.607484398628357e-05
43412	5.125023961150987e-06
7257	8.439649847713573e-05
5181	0.0002008077570232796
38708	2.502609103107495e-05
6571	2.0500095844603948e-05
1686	2.935240995931929e-05
19028	0.0002559849630465805
3803	0.0005377281634044004
14087	2.3495239718003878e-05
5447	2.2363740921386126e-05
2856	5.3513237204745376e-05
22074	6.303113884688293e-05
6161	0.00018776224148580434
7774	8.905561116909119e-05
9881	8.705884858682457e-05
10166	0.000575932887478435
8362	5.191582713893208e-06
33953	3.208131882175034e-05
43282	3.06835850141637e-05
3676	2.6889736107857126e-05
17293	8.432993972439351e-05
1900	6.888830908819834e-05
26624	1.5907541905390727e-05
4853	0.0001582101552682584
372	0.0005280771442567783
10387	0.0001875625652275777
10477	1.7771186982172902e-05
2258	9.444687014121105e-05
34809	1.3977338075866329e-06
3432	0.0003017773849332283
5966	4.1000191689207896e-05
9741	0.00010483003556899747
5555	0.0001946843517709953
18426	3.3944963898532512e-06
13174	4.9186918276501035e-05
35134	1.9967625822666185e-06
22257	1.311207429021746e-05
11244	3.6474196502736897e-05
589	0.00033339279248578306
3763	8.845658239441119e-05
16086	1.3378309301186344e-05
8601	0.00021318768503333262
31749	3.820472407403463e-05
2707	9.251666631168666e-06
20377	9.644363272347767e-05
6753	3.26137888436881e-06
4602	5.5044088517816446e-05
6620	3.3811846393048075e-05
7516	3.9535899128879044e-05
23292	4.060083917275457e-06
47396	1.2779280526506358e-05
33313	1.6639688185555154e-06
22692	7.321462801644268e-06
978	0.0021702146919128453
47214	5.324700219377649e-06
20320	5.6574939830887525e-06
18078	4.758950821068774e-05
2315	1.9035803284275096e-05
15826	7.700847692274925e-05
34877	0.00010935603075546847
9605	0.00010602809311835743
23940	4.1532661711145664e-05
46971	3.5342697706119145e-05
883	0.00013751038316542777
26242	6.988669037933164e-06
203	0.0007676886541287725
447	8.373091094971353e-05
370	0.00011368234968371281
20958	0.00013444868053928563
7539	3.26137888436881e-05
20652	3.474366893143916e-05
31298	7.873900449404699e-05
92	0.00023848001107537646
13376	0.00010522938808545078
37907	1.1847457988115269e-05
4731	3.168196630529701e-05
7110	0.00010928947200272624
37063	7.767406445017145e-05
5693	0.00027062788864986903
27073	2.7954676151732658e-06
11153	1.504227811974186e-05
35994	1.3178633042959681e-05
11039	0.0004607862452343933
3170	0.00013551362058316117
1009	7.195001171434048e-05
9938	3.2813465101914765e-05
6092	6.755713403335392e-05
14365	1.3777661817639668e-05
26780	5.125023961150987e-06
31478	3.594172648079913e-05
3805	5.484441225958979e-05
3866	2.935240995931929e-05
21114	4.9186918276501035e-05
13899	7.261559924176269e-05
40908	7.614321313710038e-05
34747	4.5526186875678896e-05
14655	3.800504781580797e-05
7682	0.00010829109071159294
5330	0.0003667387276096356
17531	5.990287746799855e-06
17946	7.547762560967818e-05
45320	7.388021554386488e-06
7856	0.0004892733914080638
8696	6.642563523673617e-05
3163	0.00016979137824540478
6269	3.3811846393048075e-05
8395	1.9302038295243977e-06
2341	3.6341078997252455e-05
12310	5.564311729249643e-05
9346	9.151828502055334e-05
8485	0.0004002843389917148
36256	3.2813465101914765e-05
12435	3.6673872760963556e-05
3249	7.055227790675385e-06
17346	2.1032565866541715e-05
6903	6.52275776873762e-05
11660	1.7771186982172902e-05
16919	3.208131882175034e-05
2067	2.8753381184639304e-05
12769	8.75247598560201e-05
10386	7.321462801644268e-06
8493	0.00018123948371706673
25117	9.990468786607314e-05
35762	0.00017471672594832912
15403	8.586079103746459e-06
4189	4.672424442503887e-05
2289	0.00022803028689484783
4179	2.189782965219058e-05
2936	3.800504781580797e-05
5762	1.624033566910183e-05
7418	3.640763774999467e-05
6436	0.00011827490362292602
6091	7.833965197759367e-05
1436	4.173233796937232e-05
6465	2.4693297267363847e-05
15806	6.94207791101361e-05
8302	9.125205000958446e-05
20097	2.3295563459777215e-05
1302	0.00011587878852420609
6992	5.857170241315414e-05
9322	0.00014429937594513428
32660	1.3511426806670784e-05
9249	3.447743392047028e-05
5169	4.1998572980341206e-05
7986	0.00022869587442227003
31108	1.0516282933270858e-05
5398	7.927147451598475e-05
43867	1.0649400438755298e-05
45753	4.006836915081681e-05
21920	4.5925539392132225e-06
34373	3.3279376371110305e-07
16205	2.069977210283061e-05
37763	0.00011973919618325488
3363	9.411407637749995e-05
7659	1.7837745734915123e-05
19154	0.0002547869054972205
22111	4.865444825456327e-05
15973	7.58769781261315e-06
20151	2.0832889608315053e-05
12639	0.00011621158228791719
5848	2.38945922344572e-05
537	8.672605482311345e-05
6955	5.61755873144342e-05
17308	1.0050371664075313e-05
6347	0.00019155609039211093
11911	1.3378309301186344e-05
18297	0.00028859875189026857
10219	8.386402845519798e-06
22329	1.4975719366999638e-05
38095	6.236555131946071e-05
40719	1.3977338075866329e-06
5082	3.3345935123852525e-05
24423	2.7355647377052672e-05
23962	5.397914847394092e-05
3589	0.00042637537006666524
2202	0.00010469691806351303
38593	1.304551553747524e-05
6028	1.97013908116973e-05
14772	4.093363293646568e-05
14289	4.392877680986561e-06
10954	8.39305872079402e-05
8676	8.672605482311345e-05
19577	0.0001230671338203659
2949	0.00018862750527145323
17956	3.926966411791016e-05
17702	2.595791356946604e-06
8348	0.00017944239739302678
38191	6.0035994973482995e-05
15737	3.860407659048795e-06
1343	4.8388213243594384e-05
7030	0.00011288364465080616
16426	0.00013331718174266788
398	0.00021292145002236375
5894	2.5092649783817172e-05
24801	3.1948201316265894e-06
23876	5.630870481991864e-05
21845	0.0002919932482801218
13001	1.7771186982172902e-05
6583	7.594353687887372e-05
34964	1.8103980745884007e-05
4767	2.189782965219058e-05
10648	2.7022853613341568e-05
19645	3.7272901535643544e-06
2179	1.4310131839577431e-05
15869	1.3311750548444122e-07
6455	0.00020293763711103064
41803	6.476166641818066e-05
29877	3.607484398628357e-05
29506	4.259760175502119e-06
44349	1.3511426806670784e-05
23809	1.297895678473302e-05
16419	3.594172648079913e-06
3729	1.1581222977146387e-05
18498	1.1181870460693063e-05
30803	6.436231390172733e-05
12240	9.65767502289621e-05
9215	8.386402845519798e-06
22276	1.956827330621286e-05
14017	2.069977210283061e-05
27674	3.094982002513259e-05
19216	2.2164064663159464e-05
2761	7.16837767033716e-05
24700	8.253285340035356e-06
25696	5.3912589721198694e-05
27558	2.3295563459777213e-06
8873	2.4560179761879405e-05
124	0.00013990649826414774
9551	1.3977338075866329e-06
6247	2.5758237311239378e-05
9962	6.056846499542076e-06
4813	4.5193393111967795e-05
3622	0.00020966007113799493
18203	3.90699878596835e-05
6104	5.031841707311879e-05
46707	3.1815083810781455e-05
47190	8.65263785648868e-06
24739	0.00013997305701688996
41955	2.5492002300270494e-05
8591	0.0001349811505612234
26528	4.9719388298438795e-05
2470	0.0003135582841686013
46135	1.2646163021021915e-06
5911	4.5925539392132225e-06
19732	5.817234989670082e-05
4242	4.865444825456327e-05
2611	2.1431918382995037e-05
29942	1.630689442184405e-05
45266	1.2845839279248579e-05
7431	0.00013191944793508126
34215	3.660731400822134e-06
9151	9.45799876466955e-05
