1894	0.00339149146126273
37255	0.00039106061814635126
44885	0.00022704153031617242
38633	1.9154536185966168e-05
13838	0.013365780849736749
50	0.02607702574791599
17327	7.74888054795904e-05
10278	2.3574813767342975e-05
6147	6.429494663820812e-05
20270	1.9087562283218035e-05
43581	7.146115423225839e-05
35027	4.420277581376808e-06
15439	0.00024338316258671697
2206	6.898311983057746e-06
21038	3.690262041422153e-05
4524	9.162029895944656e-05
5433	0.000259456899246269
18915	0.00038925232277215165
23705	0.0002322654947305268
18917	0.0001527674721684924
16122	7.085838910752519e-05
6266	0.0001979748565234825
25560	0.00011198036539487913
50241	0.002587134889257647
21042	0.0001451324472552052
7643	0.0002052080380202809
16795	0.006041514845200874
4617	3.951460262139874e-06
18999	0.0031281500756570693
35176	0.00014171677821505038
4561	2.9937334528415655e-05
10661	0.0005183110333678048
24070	0.000274526027364599
30556	0.00013106792767809717
22926	9.691123727654911e-05
31118	0.00047216601437434085
3678	1.667650178428523e-05
6080	0.003906319851687632
7384	0.00012698251961046103
7296	0.00013066608426160836
34646	0.000981100701357407
15464	1.2925963230389757e-05
4753	3.80411767609398e-05
104	0.013105319341949258
3072	1.3126884938634157e-05
33577	1.7681110325507233e-05
6776	2.0226118629936304e-05
33356	2.7861143543223518e-05
20788	0.00018953614477721766
32472	0.00043472760273813424
34022	0.002012431829775914
10	0.010998521283201224
35572	0.00018913430136072886
47983	1.0916746147945754e-05
3465	0.0009375006906683721
20102	0.00015363813290421814
18694	5.44497829342325e-05
11651	0.00019723814359325304
51928	7.373826692569493e-05
30091	5.52534697672101e-05
27408	0.00018344151962713752
4907	6.108019930629771e-05
29792	1.473425860458936e-05
13740	8.271276989394481e-05
10036	1.935545789421057e-05
12531	4.058618506536887e-05
9500	9.503596799960137e-05
25328	0.0001155299822405302
34962	3.154470819437086e-05
30249	0.00045749872967249964
17460	0.00011874472957244061
34610	0.0008984549053662103
31560	0.00026340835950840885
46334	0.00016522461807964522
13442	0.00010534994902281392
17064	9.175424676494284e-06
22619	3.2951160152081657e-05
50547	5.779847807163917e-05
21536	7.507774498065761e-05
9339	0.00028798778181697386
26263	0.0009119836337213332
29345	2.344086596184671e-05
1914	6.208480784751971e-05
8580	0.0016829202282550974
19007	0.00013461754452374824
9333	0.0001555134021811659
39502	0.00011479326931030074
49754	1.2858989327641622e-05
17658	0.00041610885777415313
32520	0.00010762706171625046
46771	3.134378648612646e-05
16985	8.103842232524147e-06
29897	0.0002305911471618235
43315	0.0005544099669490488
48129	0.0001283219976654237
29024	0.00079189942609393
35571	0.0005102071911352806
43310	0.027638455316585972
35109	2.2034414004135908e-05
45100	7.179602374599907e-05
5430	1.0313981023212551e-05
24818	6.683995494263719e-05
34845	0.00020286395142409623
8581	0.001356556400163443
18730	0.0005663313216382165
3537	0.001274111525880491
17227	0.0002741241839481102
9569	6.141506882003838e-05
23297	8.338250892142616e-05
35174	3.9246707010406204e-05
10266	0.000334735565935171
37386	2.524916133604631e-05
2580	6.8246406900348e-05
8305	0.00041671162289888634
23704	0.0006606305767075884
27735	0.00032823909736860203
8693	2.8865752084445518e-05
18009	0.008164453614511208
37516	0.0009907449433531382
14012	0.04327994240780155
3576	1.0247007120464419e-05
10171	5.699479123866157e-05
16610	7.032259788554013e-05
2306	1.0715824439701352e-06
8834	0.00010153243656617032
25168	0.0001809634852254566
19741	0.0002432492147812207
13290	0.0003903908791188699
48710	0.00018223598937767112
15774	0.00012376777227855062
44071	0.0001539060285152107
14020	0.00026863232392276327
47819	0.00040371868576574845
13600	8.807068211379549e-05
1912	0.00011753919932297421
16689	8.003381378401947e-05
4431	7.300155399546547e-06
4609	0.00012289711154282488
35569	0.0005116136430929915
4286	1.3863597868863625e-05
5798	0.0004501985742729531
27725	0.0005971393169023579
2738	1.3126884938634157e-05
4334	0.00020293092532684437
19436	0.001970573140558331
15021	4.1255924092850205e-05
45446	0.0006073193501200741
1898	0.008646866636006015
16315	0.00010012598460845951
21034	0.00013367990988527438
42756	5.156990511606276e-05
5852	0.0010159271307864364
51091	0.0002440529016141983
42644	0.00028838962523346267
13645	0.0005722250250800523
17250	2.2771126934365375e-05
16799	0.0013706209197405512
41694	2.5316135238794446e-05
4355	0.0002133788541555532
34454	0.0003373475481423482
38029	1.1988328591915888e-05
49757	4.4135801911019945e-05
16619	8.197605696371535e-05
4317	2.0627962046425102e-05
2440	0.0001281210759571793
23356	5.277543536552916e-05
19144	2.3373892059098574e-05
31515	0.0003291097581043278
2438	5.7329660752402235e-05
12833	0.00014761048165688612
6617	0.0005315718661119352
27440	0.0017423260799926917
51120	3.837604627468047e-05
43213	1.0247007120464419e-05
50125	1.4332415188100559e-05
43266	4.2126584828575944e-05
6714	6.027651247332011e-07
29190	7.675209254936094e-05
15741	2.7057456710245914e-05
4584	9.08835860292171e-05
22635	0.0004908517332410701
25143	0.00015002154215581893
16237	1.1251615661686421e-05
4001	3.134378648612646e-05
48556	0.0002585862385105433
43949	0.0004645309894610536
1950	2.8530882570704852e-05
40417	0.0002382261720751107
28929	0.0001497536465448264
9365	7.4341032050428135e-06
35718	4.7015679729189685e-05
5251	2.658863939100898e-05
15458	6.536652908217825e-05
25718	5.893703441835744e-06
30251	0.0003597168316602248
31309	3.107589087513392e-05
24220	0.00014258743895077613
17710	0.00013066608426160836
19046	0.0003811484805396275
18736	0.0003120983868063019
37475	2.678956109925338e-05
48054	2.658863939100898e-05
13894	1.2122276397412155e-05
4582	0.0010340770584311805
5504	6.456284224920065e-05
48300	0.00045562346039555187
32005	0.00029642649356323864
24659	5.853519100186864e-05
4210	0.00020179236898012608
20501	1.6006762756803894e-05
7948	1.6073736659552028e-06
46574	4.3666984591783014e-05
12585	0.00036869133462847465
26142	4.467159313300501e-05
10468	1.7815058131003498e-05
51287	4.1055002384605804e-05
13642	0.00034967074624800475
17120	0.0004512701567169232
2109	4.2997245564301676e-05
33191	0.0005113457474819989
42879	4.353303678628674e-05
2376	6.931798934431813e-05
52764	0.0012950073835379084
46542	0.00016388514002468256
34830	0.00011680248639274475
40082	0.00032442158491195847
48392	1.5604919340315096e-05
1893	0.002132917880819806
37087	6.717482445637786e-05
35827	6.858127641408865e-05
9521	0.0002400344674493103
30489	0.0009233691971885159
4603	0.0001277192325406905
15978	1.9891249116195635e-05
20328	9.516991580509763e-05
49221	0.0007119995601154068
47448	4.286329775880541e-05
41753	1.1586485175427087e-05
10023	6.161599052828278e-06
19462	0.00011720432980923355
37748	4.400185410552368e-05
19543	0.0002579164994830619
43062	0.00022175059199906988
38858	0.0002585192646077951
21472	3.7907228955443534e-05
52714	0.0004122913453175095
18703	7.340339741195427e-05
25399	0.001250067894793911
25031	0.0003687583085312228
48879	0.00028417026936033025
24242	0.0003153131341382123
6122	3.415669040154806e-06
26323	8.786976040555109e-05
50570	0.00025416596092916647
7651	1.7413214714514696e-05
36866	0.0002707085149079554
42826	0.00020514106411753278
3723	3.154470819437086e-05
27603	5.116806169957396e-05
6669	0.00016756870467582991
34567	0.0014430866825140315
11650	0.00015879512341582442
27692	0.00038088058492863493
12787	1.533702372932256e-05
20306	1.339478054962669e-05
12347	1.1787406883671488e-05
29319	1.4801232507337493e-05
6622	1.0983720050693886e-05
50124	8.773581260005482e-06
21523	3.8309072371932335e-05
35532	0.00022248730492929934
48704	0.00026856535002001516
32913	0.00038449717567703415
17677	0.00012222737251534356
28664	0.0004828148649112941
25300	0.00020788699413020625
18887	0.0004147693797191905
5847	7.554656229989454e-05
8677	0.0003719730558631332
17841	0.0006400695885639114
12991	5.22396441435441e-06
24226	0.00041979242242530046
15422	0.00015189681143276668
30244	0.00021163753268410172
29960	5.52534697672101e-05
16737	0.0001537720807097144
28314	0.00016951094785552578
18906	0.00012108881616862528
26595	0.00024659790991862735
13781	0.0004120904236092651
2077	6.108019930629771e-05
23177	2.2771126934365375e-05
3302	3.68356465114734e-06
25018	2.036006643543257e-05
10523	5.156990511606276e-06
9032	0.0002589211080242839
36177	0.00017312753860392497
11980	0.00021150358487860544
10844	3.194655161085966e-05
15417	0.00047270180559632593
1911	0.0002703066714914666
19386	0.0004189887355923229
49104	1.5403997632070695e-06
16002	2.9937334528415655e-05
24228	0.00011686946029549288
24887	1.145253736993082e-05
27556	6.288849468049731e-05
50567	0.00013542123135672584
10872	0.00030419546628202216
27444	0.0009577268092983084
18994	6.764364177561479e-06
52898	0.0003127011519310351
35229	0.00013146977109458597
35208	0.0012284353242062638
10168	4.5475279965982615e-05
16375	0.00011727130371198168
39823	7.139418032951026e-05
17772	0.00015504458486192895
29438	0.00014560126457444214
24908	1.6743475687033363e-06
5078	1.5270049826574427e-05
5578	1.955637960245497e-05
24716	7.420708424493186e-05
39406	0.00018752692769477368
50949	0.0002571797865528325
41169	1.808295374199603e-05
26300	7.313550180096173e-05
19153	0.00093040145697707
46871	1.413149347985616e-05
27401	0.00023481050303495588
33901	5.471767854522503e-05
34620	0.0001299293713313789
10048	0.00018391033694637447
31712	0.00012296408544557302
37018	0.0008672450666855801
28668	0.0003658114568103049
52734	0.00020976226340715397
18041	4.1188950190102076e-05
11190	1.0113059314968152e-05
10032	2.2838100837113508e-05
33935	1.8350849352988568e-05
40002	4.360001068903488e-05
10045	0.0003587791970217509
5759	6.831338080309612e-06
14860	4.956068803361876e-06
50517	2.806206525146792e-05
48605	0.0002612651946204686
39678	7.849341402081241e-05
39677	6.195086004202344e-05
21182	7.501077107790947e-06
10134	0.00013702860502268105
29030	0.00032261328953775886
10265	0.0011808168793523408
20406	0.0002708424627134517
18958	0.0003985616952541422
31203	5.793242587713544e-05
11270	3.375484698505926e-05
9614	7.239878887073227e-05
29789	0.00012008420762740328
5506	0.00035127811991395995
30250	0.00015015548996131521
34550	9.463412458311257e-05
12241	4.420277581376808e-06
1977	8.190908306096722e-05
21522	0.00038891745325841096
40414	0.00031919762049760405
44189	6.094625150080145e-06
1905	2.0092170824440035e-07
16894	5.270846146278103e-05
52912	0.0003151122124299679
17713	4.493948874399755e-05
39997	0.002631605560682408
42622	0.00019730511749600115
16662	0.011927851157734324
21585	0.00024947778773679713
3448	8.706607357257348e-06
25032	0.000156584984625136
36973	8.365040453241869e-05
9421	0.0004402194627634812
18934	0.000359314988243736
35188	0.0004023792077107858
10566	0.00019268391820637996
12272	8.639633454509216e-06
49800	0.00016549251369063776
18229	6.496468566568945e-06
6479	2.3909683281083644e-05
28707	8.036868329776014e-05
20103	7.923012695104188e-05
9665	1.8484797158484833e-05
50948	0.00011405655638007127
30951	0.0004442378969283692
30093	1.8551771061232965e-05
34473	0.0002763343227387986
3882	3.62328813867402e-05
3594	0.0011263670964181084
47824	0.0004901819942135888
4605	2.210138790688404e-05
49528	0.00022730942592716493
13802	1.3260832744130424e-05
21816	0.0001653585658851415
6078	7.661814474386467e-05
10990	5.431583512873623e-05
10118	8.900831675226936e-05
23021	2.096283156016577e-05
43100	2.303902254535791e-05
23045	7.139418032951026e-05
25183	0.00015055733337780402
32163	9.10845077374615e-06
34453	0.000571086468733334
30018	2.611982207177205e-06
11288	6.570139859591891e-05
32912	0.0002964934674659868
22366	0.0005513961413253827
13865	3.455853381803686e-05
13564	3.556314235925887e-05
48400	0.00015939788854055762
30417	2.893272598719365e-05
4549	0.000582672953908761
37881	4.621199289621208e-05
19475	0.0001222943464180917
13832	0.00026381020292489765
31652	9.945624558097818e-05
21805	4.956068803361876e-06
13791	5.491860025346943e-06
35550	0.00026173401193970553
5530	0.0004995583405983274
21450	6.168296443103091e-05
40421	0.0008473538175693845
4405	0.0001739981993396507
43555	0.00016830541760605937
42818	3.837604627468047e-05
5921	2.3440865961846708e-06
12535	2.156559668489897e-05
50541	0.0002152541234325009
9123	2.4512448405816843e-05
28669	0.019869348649996996
52846	0.000289059364260944
12836	2.8396934765208584e-05
4183	0.0004905838376300776
47279	8.659725625333655e-05
10757	6.369218151347492e-05
24664	3.80411767609398e-05
4567	5.42488612259881e-05
15440	0.00031792511634538953
12681	5.090016608858142e-06
44393	1.627465836779643e-05
35780	0.0003411650605989918
14017	0.000632836407067113
38567	8.338250892142616e-05
49220	0.0021837510730056396
22903	0.0002384270937833551
20918	7.547958839714641e-05
42823	3.64338030949846e-05
48342	0.0002561082041088623
42998	6.938496324706626e-05
48961	0.0002607294033984835
6807	1.94224317969587e-05
29273	1.5403997632070695e-05
4978	0.0001275183108324461
48398	0.0004629905896978466
25042	8.211000476921161e-05
48446	7.701998816035347e-05
22367	0.000449662783050968
5898	0.00010802890513273926
29095	2.2034414004135908e-05
49761	1.5805841048559497e-05
4315	3.321905576307419e-05
22742	0.00020433737728455518
12629	0.00015738867145811362
9136	7.065746739928079e-05
13780	7.099233691302146e-06
10234	0.00048455618638274553
36521	0.00018411125865461887
27755	0.00016723383516208923
24071	0.00019522892651080903
8954	2.8129039154216053e-06
42642	1.5403997632070695e-06
8901	5.0163453158351956e-05
50086	0.00016609527881537097
48875	0.00033962466083578476
40606	2.1431648879402704e-06
6673	2.598587426627578e-05
24438	0.00033634293960112623
36174	0.0006300235031516914
34568	0.0005996843252067869
21567	1.9623353505203102e-05
11890	3.6165907483992063e-06
25332	0.00033513740935165983
31417	0.0006549377949739971
8711	2.8865752084445518e-05
33122	9.054871651547643e-05
23141	9.175424676494284e-06
16475	5.6191104405683966e-05
16417	1.94224317969587e-05
8583	0.0008991246443936916
2988	7.300155399546547e-06
28773	9.30937248199055e-05
35621	2.5115213530550046e-05
50824	4.674778411819715e-05
25171	0.00040807198944437716
16477	2.2235335712380305e-05
9033	6.181691223652718e-05
12165	3.82420984691842e-05
10364	8.773581260005483e-05
10755	0.0003100891697238579
52718	6.174993833377904e-05
50772	0.00020869068096318385
40001	0.0002959576762440017
47547	9.02808209044839e-05
9611	0.00025208976994397435
9023	0.0003287748885905871
22710	2.611982207177205e-06
19049	0.00016723383516208923
35254	0.0003033248055462964
22544	0.00015691985413887667
18008	0.0007863405921658349
48234	0.00015725472365261736
45669	2.190046619863964e-05
47781	1.5604919340315096e-05
24484	0.00029635951966049053
36078	3.7639333344451004e-05
32952	0.00012845594547091996
7820	5.933887783484624e-05
27596	0.00031377273437500523
22647	5.371307000400303e-05
5439	5.947282564034251e-05
41596	0.0004459122444970725
34638	0.0002946851720917872
30491	0.0003759914900280212
26321	7.139418032951026e-05
24221	0.00011318589564434554
29983	2.089585765741764e-05
16897	0.00016087131440101655
25265	0.0006424806490628442
28667	0.0032257310519611
19005	0.0004458452705943244
1896	0.0028364117552862
10290	3.087496916688952e-05
21560	0.00020246210800760743
29632	0.00024907594432030833
25400	0.00023896288500534015
25064	0.000375388724903288
39908	0.00010025993241395578
23607	5.5521365378202634e-05
5128	0.00039246707010406206
10129	6.0410460278816376e-05
37020	3.087496916688952e-05
49294	3.469248162353313e-05
17293	0.00015102615069704093
35021	3.7840255052695405e-05
25456	1.975730131069937e-05
25041	0.00033882097400280716
28317	4.005039384338381e-05
29332	9.671031556830471e-05
36316	8.632936064234402e-05
15482	2.344086596184671e-05
50076	2.036006643543257e-05
9265	1.4064519577108026e-06
39915	1.1184641758938287e-05
32979	0.00010816285293823553
36298	4.058618506536887e-05
20407	0.00021344582805830133
27679	0.0002729186536986438
50075	0.00013488544013474078
50967	8.793673430829923e-05
25851	0.0012257563680963385
19529	0.00042200256121598887
35238	0.00024793738797359004
32692	0.0001117124697838866
3399	0.0006252013821538258
17003	4.956068803361875e-05
10322	3.62328813867402e-05
34662	8.405224794890749e-05
28665	0.01671092637029777
34598	0.00019690327407951235
18707	2.9602465014674986e-05
4260	3.308510795757793e-05
49497	8.773581260005482e-06
47542	0.0013785908141675791
52840	0.00033540530496265234
34472	0.0005185789289787973
25277	0.00024016841525480656
23511	0.0003309180534785274
14638	3.281721234658539e-05
26495	4.621199289621208e-05
11449	1.8082953741996032e-06
42794	5.143595731056649e-05
3384	2.578495255803138e-05
24993	7.30685278982136e-05
48746	0.00012410264179229128
34671	0.00026354230731390514
48587	0.00026394415073039394
6618	0.00023976657183831775
43017	9.858558484525245e-05
8119	2.4311526697572442e-05
7674	1.3260832744130424e-05
48425	7.568051010539081e-05
47188	0.004284387532700845
14359	1.3729650063367358e-05
38861	0.00018551771061232967
49351	1.3729650063367358e-05
49251	0.00032100591587180366
35448	3.2281421124600325e-05
25280	0.0006477715873799468
36345	0.00010334073194036992
39590	0.00013542123135672584
19214	0.000295087015508276
50587	0.0006716142967582823
3923	5.203872243529969e-05
50770	0.00020895857657417637
2128	6.704087665088159e-05
35298	2.303902254535791e-05
4732	2.7794169640475382e-05
18106	0.00014365902139474625
25136	0.00011907959908618129
4330	8.599449112860335e-05
25344	8.840555162753617e-06
49077	6.275454687500104e-05
29025	0.007387824238243853
49982	0.0002171963666121968
31776	0.00024947778773679713
21619	3.64338030949846e-05
22887	5.80663736826317e-05
12998	5.42488612259881e-06
50579	7.635024913287214e-05
27663	2.4311526697572442e-05
49767	0.00020507409021478464
28867	3.368787308231113e-05
24423	1.8886640574973634e-05
46743	3.90457853021618e-05
48749	0.00013990848284085077
20677	2.2838100837113508e-05
9026	0.0003401604520577698
3207	9.57057070270827e-05
3926	0.0001161327473652634
37064	2.2637179128869107e-05
29570	0.00028919331206644027
23491	4.2327506536820345e-05
26626	8.934318626601002e-05
50019	0.00010079572363594084
27530	0.0003425715125567026
4250	0.0002570458387473362
15133	1.0247007120464419e-05
45460	5.64590000166765e-05
49978	1.4600310799093094e-05
22730	0.0001357561008704665
3588	1.6408606173292696e-05
12012	1.5203075923826294e-05
14947	3.2750238443837256e-05
48139	3.4022742596051796e-05
13840	0.0006500487000733833
25172	9.02808209044839e-05
18928	3.817512456643607e-05
34549	1.2524119813900957e-05
36418	6.061138198706078e-05
33185	0.0004489260701207385
40028	0.00015678590633338041
32948	0.0004171804402181233
30486	0.00010588574024479899
30570	1.1385563467182687e-06
15408	1.627465836779643e-05
13264	2.5316135238794446e-05
22646	9.12854294457059e-05
17542	3.88448635939174e-06
32361	6.831338080309612e-06
3201	0.0004950041152114544
22754	8.746791698906229e-05
3752	2.3306918156350442e-05
18849	2.4110604989328045e-06
5696	0.00010682337488327287
29900	0.0003463220511105981
22403	8.907529065501749e-06
17292	8.713304747532163e-05
39365	1.8551771061232965e-05
16798	0.0004960756976554245
3402	4.621199289621208e-06
7383	0.00016790357418957057
10657	3.978249823239127e-05
33653	4.889094900613742e-06
10461	4.266237605056101e-05
6076	5.471767854522503e-05
9244	4.493948874399755e-05
14108	3.897881139941367e-05
26863	4.3733958494531143e-05
25504	4.1657767509339006e-05
26734	1.5470971534818828e-05
24063	7.300155399546547e-05
10826	0.00012169158129335848
5444	9.945624558097818e-05
42878	0.000311160752167828
33186	0.0004800689348986206
24638	1.4064519577108026e-06
28657	6.978680666355506e-05
46373	0.00017513675568636897
14153	8.96780557797507e-05
13085	4.621199289621208e-06
51090	0.00015564734998666215
38031	9.49020201941051e-05
13643	1.0380954925960685e-05
14011	0.00028356750423559705
2107	0.00025108516140275234
19193	1.82169015474923e-05
6318	1.5002154215581894e-05
7542	0.00010005901070571138
39545	3.449155991528873e-05
394	7.233181496798413e-06
24746	8.773581260005482e-06
42690	8.036868329776014e-07
36516	0.00031558102974920484
22233	2.966943891742312e-05
43955	0.00010843074854922806
48927	2.3306918156350442e-05
22318	2.4177578892076178e-05
39872	1.0247007120464419e-05
34696	6.449586834645252e-05
5445	0.0001727926690901843
35206	0.00022228638322105494
23047	2.3976657183831777e-05
50788	3.328602966582233e-05
20421	1.94224317969587e-06
47533	0.0003299134449373054
33341	9.416530726387564e-05
20117	0.000310624960945843
51534	0.00012195947690435101
34071	4.520738435499008e-05
21024	6.563442469317078e-05
1969	0.00011941446859992195
16005	1.9824275213447503e-05
31247	7.76897271878348e-05
23053	0.0002442538233224427
32169	1.808295374199603e-05
50767	0.00022838100837113508
50060	0.0005431583512873623
44850	0.0002240277046925064
50897	9.851861094250432e-05
19567	0.0002612651946204686
35672	7.902920524279748e-06
48047	0.0002142495148912789
40980	2.524916133604631e-05
48931	3.569709016475513e-05
10910	3.167865599986712e-05
24247	0.00013267530134405237
33514	0.00021880374027815198
24349	4.426974971651621e-05
47650	0.00018230296328041926
42994	0.00018250388498866366
2635	8.599449112860335e-05
49456	0.00018384336304362632
19110	0.00020956134169890957
19536	0.0005134889123699392
42444	9.235701188967604e-05
5448	8.559264771211455e-05
21973	7.661814474386467e-05
50651	2.812903915421605e-05
22665	0.00017607439032484286
7511	0.0001787533464347682
48720	0.0010190749042155987
10387	4.601107118796768e-05
32113	9.804979362326737e-05
36596	4.219355873132407e-05
19785	1.687742349252963e-05
6675	5.096713999132956e-05
48722	0.0007205722196671679
12896	0.00014580218628268654
14411	0.00011305194783884928
33396	0.00011017207002067954
52845	0.00020936041999066517
24550	7.842644011806428e-05
18129	4.1188950190102076e-05
9419	3.6701698705977136e-05
39679	4.132289799559834e-05
28489	0.00017306056470117685
27916	2.210138790688404e-05
12385	6.228572955576411e-06
31892	4.058618506536887e-05
6674	0.00010206822778815539
5463	3.3821820887807396e-05
13611	1.0916746147945754e-05
27702	0.0001695779217582739
18349	8.485593478188509e-05
37042	0.00010615363585579152
16796	0.0001561831412086472
39930	4.9962531450107555e-05
29404	1.0180033217716285e-05
31125	0.00034725968574907194
44324	6.235270345851224e-05
18947	0.00023856104158885138
48506	0.00013441662281550384
35716	0.00024177578892076176
37214	8.693212576707723e-05
47604	9.45001767776163e-05
30931	6.670600713714092e-05
20409	0.0003044633618930147
5845	6.228572955576411e-06
22368	0.00024130697160152484
50005	2.089585765741764e-05
6610	3.201352551360779e-05
14158	8.974502968249883e-06
24251	3.3620899179562995e-05
18038	0.0005504585066869089
44372	5.498557415621757e-05
22609	0.0001161327473652634
42650	7.6283275230124e-05
37542	3.201352551360779e-05
6381	2.7459300126734716e-05
27201	9.644241995731218e-05
23448	8.190908306096722e-05
34056	8.994595139074323e-05
33708	2.2838100837113508e-05
35249	1.3729650063367358e-05
8973	0.0005451005944670582
18160	0.00011954841640541822
8286	4.2193558731324075e-06
7349	7.26666844817248e-05
7733	3.5161298942770065e-05
10166	1.3595702257871091e-05
36189	9.282582920891297e-05
6620	0.0004502655481757012
7512	0.00028356750423559705
48391	4.554225386873075e-06
37706	0.0004266237605056101
37461	8.60614650313515e-05
19334	7.253273667622853e-05
34290	0.00019589866553829035
30646	1.627465836779643e-05
10286	2.5651004752535112e-05
39804	2.156559668489897e-05
51367	0.0002934126679395727
32848	8.592751722585522e-05
10829	7.969894427027881e-06
9612	0.00011184641758938287
43024	0.0001066894270777766
15282	0.0007724769942969713
21589	8.425316965715189e-05
35781	0.005725331050326936
28120	0.00011439142589381194
11675	6.308941638874172e-05
19415	2.7057456710245914e-05
29619	0.00014171677821505038
28706	0.000146538899212916
7981	1.473425860458936e-06
16374	0.0005313709444036909
45093	4.534133216048635e-05
29193	1.1184641758938287e-05
33698	4.1188950190102076e-05
9422	7.233181496798413e-06
27202	4.627896679896022e-05
20720	2.3507839864594843e-05
38131	1.2658067619397223e-05
39410	9.30937248199055e-06
20559	2.096283156016577e-05
39096	2.169954449039524e-05
3757	6.188388613927531e-05
25030	0.0002794820961679609
48094	5.5789260989195164e-05
25935	6.369218151347492e-05
15329	0.00026548455049360103
49974	2.076190985192137e-05
49766	0.0004440369752201248
50921	8.90752906550175e-05
43440	9.242398579242416e-06
44160	0.0003214747331910406
30247	0.0006887596158618044
23292	0.00013026424084511956
4185	0.00016890818273079258
35541	5.063227047758889e-05
43313	0.0023916380671358457
8972	0.00025289345677695195
12048	2.678956109925338e-07
10314	0.00019810880432897875
37857	2.6655613293757116e-05
7513	6.108019930629771e-05
52913	2.8999699889941787e-05
34653	0.00011238220881136793
48916	0.0001803607201007234
18285	0.00015591524559765467
25035	0.00023032325155083094
14014	0.0003845641495797823
8608	1.339478054962669e-07
27646	1.3461754452374825e-05
3323	1.105069395344202e-05
37363	6.998772837179946e-05
47627	0.00016797054809231872
12144	1.9824275213447503e-05
8923	3.261629063834099e-05
6031	1.9489405699706833e-05
10540	3.6701698705977136e-05
50946	2.792811744597165e-05
4586	1.7681110325507233e-05
12834	0.000626808755819781
19217	8.632936064234402e-05
32157	0.0001389708482023769
11982	1.473425860458936e-06
43301	0.0003429063820704433
33474	9.054871651547643e-05
15438	0.0008173495091382207
38270	0.00026588639391008983
15344	4.828818388140422e-05
12198	6.563442469317079e-06
12807	8.726699528081789e-05
46591	3.2951160152081657e-05
39547	0.00013461754452374824
12830	9.972414119197071e-05
35788	1.94224317969587e-05
31644	6.898311983057746e-06
44150	6.998772837179946e-05
46186	2.437850060032058e-05
31340	7.641722303562027e-05
51535	6.831338080309612e-06
38657	9.583965483257898e-05
35219	7.434103205042813e-05
31124	0.00018632139744530728
2537	0.0003599847272712173
32219	0.00012082092055763275
11828	2.545008304429071e-06
45822	0.0001607373665955203
33231	8.914226455776562e-05
31342	0.00021384767147479013
26330	0.00010615363585579152
5805	4.848910558964862e-05
11917	1.6743475687033363e-06
5879	0.00015772354097185427
17297	6.931798934431813e-05
35534	2.1029805462913904e-05
847	6.965285885805879e-05
6214	7.969894427027881e-06
2382	3.0339177944904456e-05
40415	0.0004439700013173767
37621	1.7413214714514696e-05
27546	0.00030459730969851096
2637	4.192566312033154e-05
35189	0.00016160802733124603
6420	5.42488612259881e-06
16425	7.353734521745053e-05
47123	1.975730131069937e-05
49388	5.518649586446197e-05
37826	7.46759015641688e-05
13034	1.6408606173292696e-05
14071	8.786976040555109e-05
32523	0.0001805616418089678
36595	0.00040405355527948914
33056	0.0004750458921925106
38859	0.0007042975612993715
46305	5.78654519743873e-05
3834	8.445409136539629e-05
37801	0.00012115579007137342
27822	9.932229777548191e-05
50129	0.002837885181146659
27654	1.9623353505203102e-05
13794	7.085838910752519e-05
34023	0.00038771192300894456
40174	0.00011733827761472981
47565	1.7480188617262832e-05
8810	7.032259788554013e-05
16430	2.5851926460779513e-05
24190	0.00017145319103522164
3675	9.47010984858607e-05
37086	0.00018491494548759647
17839	0.00024874107480656765
2484	4.493948874399755e-05
4644	4.400185410552368e-05
40420	0.0006034348637606825
35715	0.00010528297512006579
34185	0.0005390729432197262
38580	0.00014017637845184332
27226	0.000563049600403558
2530	2.210138790688404e-05
47552	2.384270937833551e-05
50065	0.00035161298942770064
11976	9.45001767776163e-05
33576	8.760186479455856e-05
17783	1.5604919340315096e-05
10181	7.005470227454759e-05
12548	1.6944397395277762e-05
4201	4.286329775880541e-06
6378	1.2323198105656556e-05
3580	2.6655613293757116e-05
49619	0.00029783294552094945
36919	0.00015089220289154467
16768	0.00011224826100587167
33842	0.0004467829052327983
16473	0.00013970756113260637
49922	5.331122658751423e-05
42407	0.00016308145319170495
23003	0.00023856104158885138
50082	0.00020929344608791706
4335	0.0001271164674159573
38660	2.2503231323372842e-05
7872	4.869002729789302e-05
43579	0.0008465501307364069
22977	8.572659551761082e-05
15442	1.1988328591915888e-05
18752	3.201352551360779e-05
6858	4.654686240995275e-05
7581	0.0001489499597118488
50514	0.0006285500772912325
43096	2.169954449039524e-05
39884	9.242398579242416e-06
49989	4.420277581376808e-06
10309	1.7748084228255366e-05
2009	2.0293092532684437e-05
35855	1.6542553978788964e-05
10230	4.380093239727928e-05
14978	0.01592371511739621
9403	6.556745079042265e-05
17801	0.00010454626218983633
15191	8.646330844784028e-05
46655	2.2168361809632173e-05
18972	5.960677344583877e-06
5509	3.596498577574766e-05
47190	0.0004331872029749272
16420	6.101322540354958e-05
37796	5.8267295390876105e-06
2389	1.0180033217716285e-05
33172	6.583534640141518e-05
34015	8.036868329776014e-07
23712	1.7346240811766564e-05
22589	4.185868921758341e-05
21983	0.00021364674976654573
22604	3.1142864777882056e-05
33918	5.4650704642476895e-05
43239	4.306421946704981e-05
8540	7.822551840981988e-05
40096	0.00012122276397412155
48097	8.458803917089255e-05
22466	0.00011847683396144808
29620	8.432014355990002e-05
47785	4.962766193636689e-05
21609	9.10845077374615e-06
37134	3.6165907483992063e-06
50759	0.000275530635905821
17799	0.00022570205226120975
46349	4.822120997865609e-06
14660	1.8350849352988568e-05
51366	2.4914291822305645e-05
32729	0.00012510725033351328
10754	0.0005331792397778904
51563	0.00015993367976254268
16423	0.00011378866076907874
27858	8.036868329776014e-07
23116	0.00015350418509872189
27685	9.537083751334203e-05
27553	7.969894427027881e-06
11691	4.875700120064116e-05
4209	0.0001827717805996562
39544	0.00015142799411352973
24966	0.00025195582213847806
40337	6.831338080309612e-05
13764	5.900400832110557e-05
6129	1.2055302494664023e-06
19864	1.3327806646878558e-05
23381	0.00011465932150480447
31556	7.219786716248787e-05
32951	0.00019522892651080903
33713	6.737574616462226e-05
16018	9.10845077374615e-06
11599	4.0184341648880075e-06
20155	3.415669040154806e-06
5799	4.674778411819715e-05
17489	1.0247007120464419e-05
47755	0.0001487490380036044
26299	0.00017694505106056858
18938	9.443320287486817e-06
46190	4.0988028481857675e-05
15416	0.0003934047047425359
26967	0.000261466116328713
51223	6.596929420691146e-05
8075	0.00010394349706510313
43677	7.701998816035348e-06
16105	1.7882032033751634e-05
3203	5.8267295390876105e-06
15230	6.295546858324544e-05
47479	0.00028778686010872946
3355	7.655117084111654e-05
28853	8.954410797425442e-05
48618	0.0001301302930396233
48123	0.0003826219064000864
13810	4.4068828008271816e-05
36954	5.994164295957944e-05
36859	0.00030037795382537854
4087	0.00010541692292556206
21626	2.0694935949173238e-05
31241	0.00023481050303495588
9184	5.7530582460646636e-05
16955	7.6283275230124e-05
26284	0.00024211065843450245
24219	2.946851720917872e-05
10221	6.369218151347492e-05
22930	0.00023434168571571896
13423	5.38470178094993e-05
18750	7.065746739928079e-05
12630	4.8823975103389286e-05
8854	0.0006844732860859239
8678	0.00014546731676894585
25319	0.00012169158129335848
46360	4.447067142476061e-05
42760	1.339478054962669e-05
4559	0.00024954476163954525
16474	2.6454691585512715e-05
32999	0.00024987963115328594
19000	3.5630116262006996e-05
35151	0.0003228811851487514
32702	8.706607357257348e-06
44902	2.156559668489897e-05
9256	0.000178150581310035
34940	0.0006560763513207154
23079	4.781936656216729e-05
45760	1.1921354689167754e-05
19191	2.1163753268410172e-05
13837	0.0006851430251134052
48504	0.00014540034286619774
6558	0.00010146546266342219
25321	2.598587426627578e-05
22371	4.9024896811633687e-05
9128	4.018434164888007e-07
14018	0.00026936903685299276
18191	0.00016602830491262282
27690	1.94224317969587e-05
20255	8.438711746264815e-06
27987	0.00013140279719183782
24878	3.891183749666554e-05
5856	6.161599052828278e-05
30481	0.000137497422341918
18148	1.4064519577108026e-06
18032	0.0001557812977921584
33606	0.0004128271365394946
10858	1.2457145911152822e-05
43072	6.503165956843758e-05
5821	8.284671769944108e-05
33589	0.00023514537254869656
37368	3.1142864777882056e-05
14438	5.960677344583877e-06
2583	7.293458009271733e-05
39990	3.817512456643607e-05
35710	8.994595139074323e-05
31733	6.791153738660732e-05
7424	5.297635707377356e-05
3759	7.132720642676213e-05
3993	9.851861094250432e-05
49801	0.0003648068482690829
8587	2.444547450306871e-05
3699	6.469679005469692e-05
34713	0.00020828883754669505
50644	2.036006643543257e-05
16299	0.00017500280788087272
42117	1.4064519577108026e-06
3538	0.00018565165841782593
20497	0.0001377653179529105
38303	1.4466362993596825e-05
9731	5.250753975453663e-05
48854	0.00031343786486126454
26358	0.00016502369637140082
28902	4.460461923025688e-05
42031	6.429494663820811e-06
21637	0.00012785318034618675
10164	0.0001555134021811659
14280	5.1235035602322095e-05
4243	0.00011820893835045554
47264	5.277543536552916e-05
37616	1.1921354689167754e-05
30192	2.230230961512844e-05
20781	1.2658067619397223e-05
17131	0.00014238651724253173
6649	3.817512456643607e-06
42762	0.00012028512933564768
34437	0.00030600376165622177
21625	0.00029783294552094945
18696	2.826298695971232e-05
33469	2.3574813767342975e-05
24687	9.952321948372631e-05
13483	0.00018605350183431473
35233	0.0002317966774112899
3322	3.4826429429029397e-06
9696	3.2817212346585393e-06
35724	0.00010997114831243514
24350	3.201352551360779e-05
28886	0.00016776962638407431
36591	7.896223134004934e-05
16735	7.635024913287213e-06
31488	2.1364674976654573e-05
9027	8.820462991929176e-05
31408	2.6521665488260848e-05
27446	0.00017754781618530178
30246	0.0007291448792189289
27727	0.00022175059199906988
32614	6.771061567836292e-05
43307	7.454195375867253e-05
37579	3.2147473319104056e-06
24273	6.027651247332011e-05
37608	1.5939788854055762e-05
49918	8.753489089181043e-05
20410	0.00015631708901414347
29987	3.221444722185219e-05
38032	1.2457145911152822e-05
32893	1.2591093716649089e-05
6187	9.16872728621947e-05
6130	2.2771126934365375e-05
32194	1.3260832744130424e-05
14472	3.6701698705977136e-05
10917	1.1318589564434554e-05
11679	4.085408067636141e-06
35568	0.0007111958732824292
34469	9.22900379869279e-05
2518	7.233181496798413e-06
22755	5.090016608858142e-06
4337	7.581445791088707e-05
25058	0.0011863087393776878
22740	5.290938317102543e-06
36194	0.0004293027166155354
16224	0.0004451755315668431
16401	2.545008304429071e-05
46995	0.0001725917473819399
38983	1.72122930062703e-05
25096	0.0001281210759571793
17616	8.170816135272282e-06
17795	9.081661212646896e-05
9220	1.5270049826574427e-05
8082	4.045223725987261e-05
33047	4.9895557547359426e-05
5129	1.4667284701841226e-05
25066	2.076190985192137e-06
35235	3.469248162353313e-05
19569	9.617452434631964e-05
12577	4.869002729789302e-05
32949	0.0011072795341348905
19539	4.3666984591783014e-05
32083	3.261629063834099e-05
16129	2.3507839864594843e-05
29654	5.431583512873623e-05
21721	2.6186795974520182e-05
34665	2.0494014240928837e-05
12278	9.979111509471885e-06
6640	6.878219812233305e-05
25423	6.208480784751971e-05
3069	3.4826429429029397e-06
34588	0.00010843074854922806
34759	0.0006490440915321613
8789	1.1787406883671488e-05
52842	7.60823535218796e-05
6639	7.18629976487472e-05
48119	0.00019944828238394142
10730	9.798281972051924e-05
27204	0.0001295275279148901
37004	1.7413214714514699e-06
18393	0.0001795570332677458
34848	6.710785055362972e-05
29230	0.00011780709493396674
21087	7.936407475653814e-05
52851	0.00042454756952041797
4252	0.00011017207002067954
29562	0.0003315208186032606
49685	7.56805101053908e-06
16946	1.7346240811766564e-05
48652	6.429494663820811e-06
11541	0.0001263127805829797
35577	5.357912219850676e-06
4078	3.0741021361393255e-05
49109	9.577268092983084e-06
22369	0.00029917242357591214
12831	1.1921354689167754e-05
30101	7.219786716248787e-05
9917	4.647988850720462e-05
5731	4.621199289621208e-06
8628	7.501077107790947e-06
43866	8.418619575440375e-05
31237	6.84473286085924e-05
45447	4.2528428245064745e-05
31234	0.00016160802733124603
51198	0.0001521647070437592
6916	0.0001107078612426646
29288	0.00011198036539487913
16782	0.00013589004867596278
3065	2.538310914154258e-05
47556	4.895792290888556e-05
26829	2.5918900363527645e-05
28764	5.7530582460646636e-05
47193	2.752627402948285e-05
24199	4.487251484124941e-05
35665	0.00010454626218983633
36315	0.00016348329660819376
32253	7.059049349653266e-05
35227	0.00019489405699706834
27268	0.0001547766892509364
30482	0.0003707675256136668
5698	9.503596799960137e-05
27076	3.0004308431163787e-05
9298	4.7953314367663553e-05
1953	0.00011753919932297421
23852	3.1477734291622723e-06
47546	0.00011894565128068502
51559	0.00013361293598252623
18052	9.376346384738683e-07
3466	1.473425860458936e-06
42168	0.00017754781618530178
15260	3.6768672608725265e-05
9805	1.2591093716649089e-05
2566	5.6258078308432105e-06
39640	0.0005854188839214345
15477	4.761844485392289e-05
24948	6.2955468583245445e-06
17301	4.654686240995275e-05
52900	0.0003575066928695364
48753	3.68356465114734e-06
32521	3.3419977471318594e-05
27696	7.655117084111654e-05
35784	1.2858989327641622e-05
13023	2.4780344016809377e-05
32823	5.7329660752402235e-05
6100	4.9493714130870624e-05
6380	5.023042706110009e-06
36309	8.505685649012949e-05
39515	0.00011619972126801155
45112	2.658863939100898e-05
43956	0.00017567254690835406
39768	0.00014479757774146454
17665	0.0002044043511873033
51820	3.7505385538954734e-06
44250	9.295977701440924e-05
32309	0.0002956897806330092
13081	1.1653459078175221e-05
17136	5.411491342049183e-05
21956	2.076190985192137e-06
34547	2.323994425360231e-05
43333	1.7145319103522163e-05
46996	2.169954449039524e-05
32475	4.560922777147888e-05
7413	9.034779480723203e-05
11041	0.00033520438325440794
36154	9.356254213914244e-05
11042	0.0001117124697838866
13839	0.00023092601667556415
10115	0.000291068581343388
34831	8.184210915821908e-05
22989	4.447067142476061e-05
10117	0.0007397937297558821
40756	9.778189801227485e-06
46671	1.044792882870882e-05
34950	1.8484797158484833e-05
46617	7.40731364394356e-05
23048	5.538741757270637e-05
22848	5.378004390675116e-05
33309	8.666423015608468e-05
21843	5.558833928095076e-06
14409	1.0715824439701353e-05
42843	1.0113059314968152e-05
44388	1.319385884138229e-05
19129	4.4135801911019945e-05
20122	2.3440865961846708e-06
11017	1.8283875450240432e-05
16902	8.773581260005482e-06
49924	0.0003577745884805289
45645	4.7953314367663553e-05
8586	4.092105457910954e-05
30017	3.9849472135139406e-05
28656	0.00022215243541555868
30005	8.478896087913695e-05
45583	4.601107118796768e-05
23115	3.4826429429029397e-06
21044	3.68356465114734e-06
22849	8.304763940768548e-06
49778	0.0002575816299693213
13230	4.8154236075907954e-05
3206	5.54543914754545e-05
18883	0.0006148204272278651
13080	1.1586485175427087e-05
25061	0.0004900480464080925
13918	0.006718687975887252
16304	6.858127641408865e-05
20386	8.036868329776014e-07
4071	6.898311983057746e-06
46905	4.1657767509339006e-05
14778	4.788634046491542e-05
6113	1.3930571771611759e-05
51246	3.174562990261526e-05
7470	0.00017547162520010966
19767	5.478465244797317e-05
32536	0.00010240309730189605
14984	0.00011640064297625595
24984	2.678956109925338e-06
31207	1.8752692769477366e-05
16928	3.991644603788754e-05
18510	2.678956109925338e-06
35446	0.00014325717797825747
20498	0.00010012598460845951
15425	0.00021907163588914453
29956	2.5182187433298178e-05
9692	2.8597856473452985e-05
51637	2.4713370114061244e-05
30490	0.0002090255504769245
2656	1.82169015474923e-05
42769	0.00020996318511539837
13144	5.22396441435441e-06
9594	1.6743475687033363e-06
16428	4.085408067636141e-06
10659	0.0008527787036919833
3398	0.00016187592294223855
28915	5.136898340781836e-05
31716	3.100891697238579e-05
4242	4.5877123382471416e-05
24013	6.958588495531066e-05
21160	1.4399389090848693e-05
49311	9.362951604189057e-05
43560	9.55047853188383e-05
40284	0.00022844798227388322
23506	3.9648550426895005e-05
11831	3.141076038887459e-05
42814	0.00011358773906083434
16372	7.501077107790947e-06
21400	2.678956109925338e-06
51238	1.2858989327641622e-05
51224	5.873611271011304e-05
49404	0.0001731945125066731
4188	0.0001287238410819125
2802	4.601107118796768e-05
46901	3.84430201774286e-05
21128	5.4851626350721296e-05
22663	0.00011037299172892394
19496	2.8798778181697386e-05
9049	4.360001068903488e-05
51654	8.003381378401947e-05
433	4.0988028481857675e-05
47299	6.764364177561479e-06
16422	0.00019054075331843967
38265	3.951460262139874e-06
20759	1.627465836779643e-05
25638	3.9849472135139406e-05
24069	0.0003094194306963766
48592	0.00022034414004135907
50061	3.9849472135139406e-05
23046	1.319385884138229e-05
18612	1.3796623966115492e-05
52727	6.007559076507571e-05
10812	5.8267295390876105e-06
24243	0.00019449221358057954
27905	1.9154536185966168e-05
50466	0.00033902189571105156
18997	0.0001837763891408782
27655	7.527866668890201e-05
31905	8.070355281150082e-05
17894	2.0494014240928837e-05
50682	1.8752692769477366e-05
25038	7.099233691302146e-06
5941	1.2055302494664023e-06
27737	6.985378056630319e-05
34645	0.00010126454095517779
40333	0.0005376664912620153
49391	1.4265441285352426e-05
8076	2.0627962046425102e-05
13397	3.027220404215632e-05
20551	0.0001153290605322858
22118	0.00010896653977121313
22319	1.72122930062703e-05
10564	3.750538553895473e-05
46264	1.218925030016029e-05
39201	3.4826429429029397e-06
23442	0.00014841416848986372
13768	0.00024391895380870203
17302	5.8200321488127974e-05
13532	1.8350849352988568e-05
40176	0.0002698378541722297
4375	1.0046085412220018e-05
14402	5.2641487560032894e-05
5820	0.00010166638437166659
33486	7.340339741195427e-05
3186	0.000181164406933701
50070	0.00021130266317036104
20339	0.00021840189686166318
12882	9.275885530616484e-05
17435	0.00010327375803762178
49527	0.0002948860938000316
31788	2.303902254535791e-05
22119	4.1389871898346477e-05
16429	7.146115423225839e-05
37292	7.132720642676213e-05
18735	0.00018250388498866366
18011	0.00035288549357991516
52894	0.00010461323609258446
2579	0.0003395576869330366
5703	0.00011358773906083434
25852	0.0006869513204876049
23664	3.710354212246593e-05
5363	1.707834520077403e-05
13528	4.889094900613742e-06
36087	8.840555162753617e-06
19227	7.393918863393933e-05
4208	0.00022978746032884588
37845	3.2080499416355924e-05
36860	0.00014848114239261187
12569	1.473425860458936e-05
21640	5.52534697672101e-05
22470	3.2147473319104056e-06
10046	9.650939386006031e-05
50562	0.0003137057604722571
6366	0.0006361181283017715
22959	8.840555162753616e-05
6079	0.00021773215783418186
2434	3.415669040154806e-05
25315	3.080799526414139e-05
4838	7.36712930229468e-06
29683	0.00010601968805029526
24348	0.0001547097153481883
34562	4.313119336979794e-05
15630	2.8463908667956717e-05
39395	0.00012925963230389756
11505	7.882828353455308e-05
39767	4.2193558731324075e-06
43314	0.0005892363963780782
31015	0.00015919696683231322
35940	5.4382809031484366e-05
4565	1.339478054962669e-06
41129	3.435761210979246e-05
19148	1.8350849352988568e-05
5757	0.00010193427998265912
26926	1.0046085412220019e-06
5474	4.942674022812249e-05
39341	0.00012463843301427637
21392	6.2955468583245445e-06
12125	2.169954449039524e-05
23855	0.00011814196444770741
14459	1.8819666672225502e-05
46187	0.0001803607201007234
18632	1.8484797158484833e-05
51153	1.0581876634205086e-05
12303	1.4265441285352426e-05
39739	5.029740096384823e-05
51791	9.041476870998016e-06
49053	1.2925963230389757e-05
23866	2.4847317919557512e-05
24437	0.00015149496801627788
16534	3.4960377234525665e-05
22409	1.0380954925960685e-05
33340	6.0410460278816376e-05
13595	0.00011472629540755261
17441	0.00016187592294223855
5567	3.1879577708111523e-05
15473	1.6944397395277762e-05
7249	1.7882032033751634e-05
35248	3.6701698705977136e-05
18290	0.00010642153146678406
4709	2.8396934765208584e-05
34040	0.0002472676489461087
46669	0.00011907959908618129
48782	0.00011646761687900408
45570	0.00011988328591915888
3591	2.4311526697572442e-05
46425	1.567189324306323e-05
26969	8.371737843516681e-05
26406	9.979111509471885e-06
43053	7.742183157684227e-05
41851	2.5182187433298178e-05
19288	2.3306918156350442e-05
50331	3.0741021361393255e-05
10224	5.518649586446197e-05
9158	3.6165907483992063e-06
23867	4.420277581376808e-06
43210	2.7459300126734715e-06
18647	4.353303678628674e-06
30988	4.7484497048426616e-05
29818	6.362520761072678e-05
40423	0.0002820940783751381
25115	0.00017085042591048844
34115	6.228572955576411e-06
10989	3.2817212346585393e-06
11546	6.027651247332011e-06
25854	0.0006007559076507571
20815	0.00012544211984725397
31201	1.2457145911152822e-05
19965	1.1720432980923355e-05
5083	0.00022476441762273586
31389	9.51029419023495e-06
9134	0.003050728244080227
3205	0.00022764429544090562
2795	3.348695137406673e-07
25110	0.0002460621186966423
5189	9.590662873532711e-05
4093	0.00012430356350053568
4331	4.319816727254608e-05
27550	0.00013488544013474078
9018	0.00026910114124200024
29915	4.9024896811633687e-05
43957	6.282152077774919e-05
7907	2.8731804278949253e-05
23284	1.339478054962669e-05
28316	0.0001539730024179588
32175	1.1586485175427087e-05
8198	5.230661804629223e-05
14350	1.553794543756696e-05
25634	1.1251615661686421e-05
19379	0.00019690327407951235
23078	0.000145534290671694
43036	4.4068828008271816e-05
35343	9.778189801227485e-06
16340	4.621199289621208e-06
34539	5.5923208794691436e-05
4554	2.7660221834979117e-05
10090	0.00011720432980923355
48609	4.7484497048426616e-05
8032	3.88448635939174e-06
44572	3.482642942902939e-05
37859	1.4667284701841226e-05
18003	7.300155399546547e-06
4705	7.300155399546547e-05
40115	0.00010883259196571686
11748	1.8551771061232965e-05
2098	1.2323198105656556e-05
22185	2.9602465014674986e-05
23814	6.697390274813345e-06
50822	0.00011861078176694434
23564	8.532475210112202e-05
43098	2.478034401680938e-06
34536	6.891614592782933e-05
19373	6.014256466782384e-05
36906	0.00011144457417289407
5809	0.00015959881024880202
45828	4.540830606323448e-05
17733	1.339478054962669e-07
42666	6.462981615194878e-05
12246	0.00011934749469717382
7294	4.8623053395144885e-05
15424	4.6613836312700884e-05
7530	0.00013274227524680051
50047	2.2168361809632173e-05
12901	5.4851626350721296e-05
3753	2.8664830376201117e-05
5766	0.0001074931139107542
31546	6.483073786019318e-05
40063	8.036868329776015e-06
29408	4.554225386873075e-05
21968	3.6768672608725265e-05
2293	9.02808209044839e-05
51728	0.00033788333936433327
6965	3.730446383071033e-05
16230	0.00014272138675627238
16424	9.624149824906778e-05
40270	1.4064519577108025e-05
4590	0.0001433241518810056
37166	8.036868329776015e-06
19109	6.931798934431813e-05
19215	0.018061789988727622
24481	8.773581260005482e-06
31565	0.00015089220289154467
2164	6.2955468583245445e-06
17696	4.152381970384274e-06
42715	4.668081021544902e-05
24302	4.4068828008271816e-05
40727	0.00011660156468450035
23122	1.94224317969587e-06
16280	7.36712930229468e-06
47675	3.415669040154806e-06
37578	0.00010461323609258446
18161	7.949802256203441e-05
13294	2.2771126934365375e-05
48699	0.0002027969775213481
5465	1.1854380786419622e-05
14154	8.036868329776015e-06
32784	4.1055002384605804e-05
9405	6.563442469317079e-06
24969	3.5228272845518194e-05
47647	0.00031357181266676083
16615	9.650939386006031e-05
51643	7.701998816035348e-06
25372	1.413149347985616e-05
26116	9.041476870998016e-06
22346	1.1720432980923355e-05
18892	5.163687901881089e-05
36848	7.621630132737587e-05
21792	4.4135801911019945e-05
36310	4.581014947972328e-05
51250	7.889525743730121e-05
16741	1.2725041522145356e-06
20051	5.029740096384823e-05
5899	0.00012088789446038088
21809	0.000225836000066706
5460	6.911706763607373e-05
50966	8.438711746264815e-06
6012	4.420277581376808e-06
11338	3.68356465114734e-06
7461	0.00012175855519610661
41636	4.694870582644155e-05
34474	0.00021933953150013707
52915	5.029740096384823e-05
31381	7.239878887073227e-05
50839	0.0001086986441602206
38300	2.1498622782150838e-05
8385	0.00014640495140741974
38196	8.653028235058843e-05
47083	2.156559668489897e-05
22753	1.7547162520010965e-05
35551	8.706607357257348e-06
42405	1.7547162520010965e-05
43099	1.94224317969587e-05
7760	7.896223134004934e-05
4182	0.0002897291032884253
44860	7.099233691302146e-06
17122	3.958157652414687e-05
13681	1.86187449639811e-05
17705	7.835946621531614e-06
39632	0.00014171677821505038
